MFEM mesh v1.0

#
# MFEM Geometry Types (see fem/geom.hpp):
#
# POINT       = 0
# SEGMENT     = 1
# TRIANGLE    = 2
# SQUARE      = 3
# TETRAHEDRON = 4
# CUBE        = 5
# PRISM       = 6
#

dimension
3

elements
768
1 4 9 92 97 96
1 4 92 17 148 147
1 4 97 148 39 216
1 4 96 147 216 37
1 4 96 92 97 148
1 4 96 97 216 148
1 4 96 216 147 148
1 4 96 147 92 148
1 4 17 51 132 128
1 4 51 0 49 48
1 4 132 49 15 126
1 4 128 48 126 14
1 4 128 51 132 49
1 4 128 132 126 49
1 4 128 126 48 49
1 4 128 48 51 49
1 4 39 137 83 213
1 4 137 15 79 135
1 4 83 79 6 81
1 4 213 135 81 35
1 4 213 137 83 79
1 4 213 83 81 79
1 4 213 81 135 79
1 4 213 135 137 79
1 4 37 131 212 78
1 4 131 14 129 75
1 4 212 129 35 76
1 4 78 75 76 5
1 4 78 131 212 129
1 4 78 212 76 129
1 4 78 76 75 129
1 4 78 75 131 129
1 4 37 147 216 136
1 4 147 17 148 132
1 4 216 148 39 137
1 4 136 132 137 15
1 4 136 147 216 148
1 4 136 216 137 148
1 4 136 137 132 148
1 4 136 132 147 148
1 4 37 216 212 136
1 4 216 39 213 137
1 4 212 213 35 135
1 4 136 137 135 15
1 4 136 216 212 213
1 4 136 212 135 213
1 4 136 135 137 213
1 4 136 137 216 213
1 4 37 212 131 136
1 4 212 35 129 135
1 4 131 129 14 126
1 4 136 135 126 15
1 4 136 212 131 129
1 4 136 131 126 129
1 4 136 126 135 129
1 4 136 135 212 129
1 4 37 131 147 136
1 4 131 14 128 126
1 4 147 128 17 132
1 4 136 126 132 15
1 4 136 131 147 128
1 4 136 147 132 128
1 4 136 132 126 128
1 4 136 126 131 128
1 4 0 51 49 45
1 4 51 17 132 110
1 4 49 132 15 109
1 4 45 110 109 11
1 4 49 51 110 45
1 4 49 45 110 109
1 4 49 109 110 132
1 4 49 132 110 51
1 4 17 92 148 144
1 4 92 9 97 93
1 4 148 97 39 181
1 4 144 93 181 23
1 4 148 92 93 144
1 4 148 144 93 181
1 4 148 181 93 97
1 4 148 97 93 92
1 4 15 137 79 133
1 4 137 39 83 171
1 4 79 83 6 80
1 4 133 171 80 21
1 4 79 137 171 133
1 4 79 133 171 80
1 4 79 80 171 83
1 4 79 83 171 137
1 4 11 113 112 52
1 4 113 23 168 58
1 4 112 168 21 56
1 4 52 58 56 1
1 4 112 113 58 52
1 4 112 52 58 56
1 4 112 56 58 168
1 4 112 168 58 113
1 4 15 132 134 109
1 4 132 17 144 110
1 4 134 144 23 113
1 4 109 110 113 11
1 4 134 132 110 109
1 4 134 109 110 113
1 4 134 113 110 144
1 4 134 144 110 132
1 4 15 109 134 133
1 4 109 11 113 112
1 4 134 113 23 168
1 4 133 112 168 21
1 4 134 109 112 133
1 4 134 133 112 168
1 4 134 168 112 113
1 4 134 113 112 109
1 4 15 133 134 137
1 4 133 21 168 171
1 4 134 168 23 181
1 4 137 171 181 39
1 4 134 133 171 137
1 4 134 137 171 181
1 4 134 181 171 168
1 4 134 168 171 133
1 4 15 137 134 132
1 4 137 39 181 148
1 4 134 181 23 144
1 4 132 148 144 17
1 4 134 137 148 132
1 4 134 132 148 144
1 4 134 144 148 181
1 4 134 181 148 137
1 4 9 92 95 93
1 4 92 17 146 144
1 4 95 146 31 179
1 4 93 144 179 23
1 4 93 92 95 146
1 4 93 95 179 146
1 4 93 179 144 146
1 4 93 144 92 146
1 4 17 51 120 110
1 4 51 0 47 45
1 4 120 47 13 108
1 4 110 45 108 11
1 4 110 51 120 47
1 4 110 120 108 47
1 4 110 108 45 47
1 4 110 45 51 47
1 4 31 125 68 159
1 4 125 13 64 121
1 4 68 64 3 65
1 4 159 121 65 19
1 4 159 125 68 64
1 4 159 68 65 64
1 4 159 65 121 64
1 4 159 121 125 64
1 4 23 113 156 58
1 4 113 11 111 52
1 4 156 111 19 54
1 4 58 52 54 1
1 4 58 113 156 111
1 4 58 156 54 111
1 4 58 54 52 111
1 4 58 52 113 111
1 4 23 144 179 122
1 4 144 17 146 120
1 4 179 146 31 125
1 4 122 120 125 13
1 4 122 144 179 146
1 4 122 179 125 146
1 4 122 125 120 146
1 4 122 120 144 146
1 4 23 179 156 122
1 4 179 31 159 125
1 4 156 159 19 121
1 4 122 125 121 13
1 4 122 179 156 159
1 4 122 156 121 159
1 4 122 121 125 159
1 4 122 125 179 159
1 4 23 156 113 122
1 4 156 19 111 121
1 4 113 111 11 108
1 4 122 121 108 13
1 4 122 156 113 111
1 4 122 113 108 111
1 4 122 108 121 111
1 4 122 121 156 111
1 4 23 113 144 122
1 4 113 11 110 108
1 4 144 110 17 120
1 4 122 108 120 13
1 4 122 113 144 110
1 4 122 144 120 110
1 4 122 120 108 110
1 4 122 108 113 110
1 4 9 92 96 98
1 4 92 17 147 149
1 4 96 147 37 217
1 4 98 149 217 42
1 4 96 92 149 98
1 4 96 98 149 217
1 4 96 217 149 147
1 4 96 147 149 92
1 4 17 51 128 138
1 4 51 0 48 50
1 4 128 48 14 127
1 4 138 50 127 16
1 4 128 51 50 138
1 4 128 138 50 127
1 4 128 127 50 48
1 4 128 48 50 51
1 4 37 131 78 214
1 4 131 14 75 130
1 4 78 75 5 77
1 4 214 130 77 36
1 4 78 131 130 214
1 4 78 214 130 77
1 4 78 77 130 75
1 4 78 75 130 131
1 4 42 143 215 91
1 4 143 16 141 88
1 4 215 141 36 90
1 4 91 88 90 8
1 4 215 143 88 91
1 4 215 91 88 90
1 4 215 90 88 141
1 4 215 141 88 143
1 4 37 147 142 217
1 4 147 17 138 149
1 4 142 138 16 143
1 4 217 149 143 42
1 4 142 147 149 217
1 4 142 217 149 143
1 4 142 143 149 138
1 4 142 138 149 147
1 4 37 217 142 214
1 4 217 42 143 215
1 4 142 143 16 141
1 4 214 215 141 36
1 4 142 217 215 214
1 4 142 214 215 141
1 4 142 141 215 143
1 4 142 143 215 217
1 4 37 214 142 131
1 4 214 36 141 130
1 4 142 141 16 127
1 4 131 130 127 14
1 4 142 214 130 131
1 4 142 131 130 127
1 4 142 127 130 141
1 4 142 141 130 214
1 4 37 131 142 147
1 4 131 14 127 128
1 4 142 127 16 138
1 4 147 128 138 17
1 4 142 131 128 147
1 4 142 147 128 138
1 4 142 138 128 127
1 4 142 127 128 131
1 4 0 51 46 50
1 4 51 17 116 138
1 4 46 116 12 115
1 4 50 138 115 16
1 4 50 51 46 116
1 4 50 46 115 116
1 4 50 115 138 116
1 4 50 138 51 116
1 4 17 92 145 149
1 4 92 9 94 98
1 4 145 94 29 202
1 4 149 98 202 42
1 4 149 92 145 94
1 4 149 145 202 94
1 4 149 202 98 94
1 4 149 98 92 94
1 4 12 119 60 118
1 4 119 29 63 199
1 4 60 63 2 62
1 4 118 199 62 28
1 4 118 119 60 63
1 4 118 60 62 63
1 4 118 62 199 63
1 4 118 199 119 63
1 4 16 143 139 88
1 4 143 42 200 91
1 4 139 200 28 89
1 4 88 91 89 8
1 4 88 143 139 200
1 4 88 139 89 200
1 4 88 89 91 200
1 4 88 91 143 200
1 4 16 138 115 140
1 4 138 17 116 145
1 4 115 116 12 119
1 4 140 145 119 29
1 4 140 138 115 116
1 4 140 115 119 116
1 4 140 119 145 116
1 4 140 145 138 116
1 4 16 115 139 140
1 4 115 12 118 119
1 4 139 118 28 199
1 4 140 119 199 29
1 4 140 115 139 118
1 4 140 139 199 118
1 4 140 199 119 118
1 4 140 119 115 118
1 4 16 139 143 140
1 4 139 28 200 199
1 4 143 200 42 202
1 4 140 199 202 29
1 4 140 139 143 200
1 4 140 143 202 200
1 4 140 202 199 200
1 4 140 199 139 200
1 4 16 143 138 140
1 4 143 42 149 202
1 4 138 149 17 145
1 4 140 202 145 29
1 4 140 143 138 149
1 4 140 138 145 149
1 4 140 145 202 149
1 4 140 202 143 149
1 4 9 92 94 95
1 4 92 17 145 146
1 4 94 145 29 201
1 4 95 146 201 31
1 4 94 92 146 95
1 4 94 95 146 201
1 4 94 201 146 145
1 4 94 145 146 92
1 4 17 51 116 120
1 4 51 0 46 47
1 4 116 46 12 114
1 4 120 47 114 13
1 4 116 51 47 120
1 4 116 120 47 114
1 4 116 114 47 46
1 4 116 46 47 51
1 4 29 119 63 197
1 4 119 12 60 117
1 4 63 60 2 61
1 4 197 117 61 27
1 4 63 119 117 197
1 4 63 197 117 61
1 4 63 61 117 60
1 4 63 60 117 119
1 4 31 125 198 68
1 4 125 13 123 64
1 4 198 123 27 66
1 4 68 64 66 3
1 4 198 125 64 68
1 4 198 68 64 66
1 4 198 66 64 123
1 4 198 123 64 125
1 4 29 145 124 201
1 4 145 17 120 146
1 4 124 120 13 125
1 4 201 146 125 31
1 4 124 145 146 201
1 4 124 201 146 125
1 4 124 125 146 120
1 4 124 120 146 145
1 4 29 201 124 197
1 4 201 31 125 198
1 4 124 125 13 123
1 4 197 198 123 27
1 4 124 201 198 197
1 4 124 197 198 123
1 4 124 123 198 125
1 4 124 125 198 201
1 4 29 197 124 119
1 4 197 27 123 117
1 4 124 123 13 114
1 4 119 117 114 12
1 4 124 197 117 119
1 4 124 119 117 114
1 4 124 114 117 123
1 4 124 123 117 197
1 4 29 119 124 145
1 4 119 12 114 116
1 4 124 114 13 120
1 4 145 116 120 17
1 4 124 119 116 145
1 4 124 145 116 120
1 4 124 120 116 114
1 4 124 114 116 119
1 4 10 100 105 104
1 4 100 24 188 187
1 4 105 188 41 222
1 4 104 187 222 40
1 4 104 100 105 188
1 4 104 105 222 188
1 4 104 222 187 188
1 4 104 187 100 188
1 4 24 59 173 169
1 4 59 1 57 56
1 4 173 57 22 167
1 4 169 56 167 21
1 4 169 59 173 57
1 4 169 173 167 57
1 4 169 167 56 57
1 4 169 56 59 57
1 4 41 177 87 219
1 4 177 22 85 175
1 4 87 85 7 86
1 4 219 175 86 38
1 4 219 177 87 85
1 4 219 87 86 85
1 4 219 86 175 85
1 4 219 175 177 85
1 4 40 172 218 84
1 4 172 21 170 80
1 4 218 170 38 82
1 4 84 80 82 6
1 4 84 172 218 170
1 4 84 218 82 170
1 4 84 82 80 170
1 4 84 80 172 170
1 4 40 187 222 176
1 4 187 24 188 173
1 4 222 188 41 177
1 4 176 173 177 22
1 4 176 187 222 188
1 4 176 222 177 188
1 4 176 177 173 188
1 4 176 173 187 188
1 4 40 222 218 176
1 4 222 41 219 177
1 4 218 219 38 175
1 4 176 177 175 22
1 4 176 222 218 219
1 4 176 218 175 219
1 4 176 175 177 219
1 4 176 177 222 219
1 4 40 218 172 176
1 4 218 38 170 175
1 4 172 170 21 167
1 4 176 175 167 22
1 4 176 218 172 170
1 4 176 172 167 170
1 4 176 167 175 170
1 4 176 175 218 170
1 4 40 172 187 176
1 4 172 21 169 167
1 4 187 169 24 173
1 4 176 167 173 22
1 4 176 172 187 169
1 4 176 187 173 169
1 4 176 173 167 169
1 4 176 167 172 169
1 4 1 59 57 53
1 4 59 24 173 152
1 4 57 173 22 151
1 4 53 152 151 18
1 4 57 59 152 53
1 4 57 53 152 151
1 4 57 151 152 173
1 4 57 173 152 59
1 4 24 100 188 184
1 4 100 10 105 101
1 4 188 105 41 195
1 4 184 101 195 26
1 4 188 100 101 184
1 4 188 184 101 195
1 4 188 195 101 105
1 4 188 105 101 100
1 4 22 173 174 151
1 4 173 24 184 152
1 4 174 184 26 154
1 4 151 152 154 18
1 4 174 173 152 151
1 4 174 151 152 154
1 4 174 154 152 184
1 4 174 184 152 173
1 4 22 177 174 173
1 4 177 41 195 188
1 4 174 195 26 184
1 4 173 188 184 24
1 4 174 177 188 173
1 4 174 173 188 184
1 4 174 184 188 195
1 4 174 195 188 177
1 4 10 100 103 101
1 4 100 24 186 184
1 4 103 186 33 193
1 4 101 184 193 26
1 4 101 100 103 186
1 4 101 103 193 186
1 4 101 193 184 186
1 4 101 184 100 186
1 4 24 59 161 152
1 4 59 1 55 53
1 4 161 55 20 150
1 4 152 53 150 18
1 4 152 59 161 55
1 4 152 161 150 55
1 4 152 150 53 55
1 4 152 53 59 55
1 4 33 166 73 191
1 4 166 20 70 162
1 4 73 70 4 71
1 4 191 162 71 25
1 4 191 166 73 70
1 4 191 73 71 70
1 4 191 71 162 70
1 4 191 162 166 70
1 4 26 184 193 163
1 4 184 24 186 161
1 4 193 186 33 166
1 4 163 161 166 20
1 4 163 184 193 186
1 4 163 193 166 186
1 4 163 166 161 186
1 4 163 161 184 186
1 4 26 193 190 163
1 4 193 33 191 166
1 4 190 191 25 162
1 4 163 166 162 20
1 4 163 193 190 191
1 4 163 190 162 191
1 4 163 162 166 191
1 4 163 166 193 191
1 4 26 190 154 163
1 4 190 25 153 162
1 4 154 153 18 150
1 4 163 162 150 20
1 4 163 190 154 153
1 4 163 154 150 153
1 4 163 150 162 153
1 4 163 162 190 153
1 4 26 154 184 163
1 4 154 18 152 150
1 4 184 152 24 161
1 4 163 150 161 20
1 4 163 154 184 152
1 4 163 184 161 152
1 4 163 161 150 152
1 4 163 150 154 152
1 4 10 100 104 106
1 4 100 24 187 189
1 4 104 187 40 223
1 4 106 189 223 43
1 4 104 100 189 106
1 4 104 106 189 223
1 4 104 223 189 187
1 4 104 187 189 100
1 4 24 59 169 178
1 4 59 1 56 58
1 4 169 56 21 168
1 4 178 58 168 23
1 4 169 59 58 178
1 4 169 178 58 168
1 4 169 168 58 56
1 4 169 56 58 59
1 4 40 172 84 220
1 4 172 21 80 171
1 4 84 80 6 83
1 4 220 171 83 39
1 4 84 172 171 220
1 4 84 220 171 83
1 4 84 83 171 80
1 4 84 80 171 172
1 4 43 183 221 99
1 4 183 23 181 93
1 4 221 181 39 97
1 4 99 93 97 9
1 4 221 183 93 99
1 4 221 99 93 97
1 4 221 97 93 181
1 4 221 181 93 183
1 4 40 187 182 223
1 4 187 24 178 189
1 4 182 178 23 183
1 4 223 189 183 43
1 4 182 187 189 223
1 4 182 223 189 183
1 4 182 183 189 178
1 4 182 178 189 187
1 4 40 223 182 220
1 4 223 43 183 221
1 4 182 183 23 181
1 4 220 221 181 39
1 4 182 223 221 220
1 4 182 220 221 181
1 4 182 181 221 183
1 4 182 183 221 223
1 4 40 220 182 172
1 4 220 39 181 171
1 4 182 181 23 168
1 4 172 171 168 21
1 4 182 220 171 172
1 4 182 172 171 168
1 4 182 168 171 181
1 4 182 181 171 220
1 4 40 172 182 187
1 4 172 21 168 169
1 4 182 168 23 178
1 4 187 169 178 24
1 4 182 172 169 187
1 4 182 187 169 178
1 4 182 178 169 168
1 4 182 168 169 172
1 4 1 59 54 58
1 4 59 24 157 178
1 4 54 157 19 156
1 4 58 178 156 23
1 4 58 59 54 157
1 4 58 54 156 157
1 4 58 156 178 157
1 4 58 178 59 157
1 4 24 100 185 189
1 4 100 10 102 106
1 4 185 102 32 208
1 4 189 106 208 43
1 4 189 100 185 102
1 4 189 185 208 102
1 4 189 208 106 102
1 4 189 106 100 102
1 4 19 160 65 159
1 4 160 32 69 205
1 4 65 69 3 68
1 4 159 205 68 31
1 4 159 160 65 69
1 4 159 65 68 69
1 4 159 68 205 69
1 4 159 205 160 69
1 4 23 183 179 93
1 4 183 43 206 99
1 4 179 206 31 95
1 4 93 99 95 9
1 4 93 183 179 206
1 4 93 179 95 206
1 4 93 95 99 206
1 4 93 99 183 206
1 4 23 178 156 180
1 4 178 24 157 185
1 4 156 157 19 160
1 4 180 185 160 32
1 4 180 178 156 157
1 4 180 156 160 157
1 4 180 160 185 157
1 4 180 185 178 157
1 4 23 156 179 180
1 4 156 19 159 160
1 4 179 159 31 205
1 4 180 160 205 32
1 4 180 156 179 159
1 4 180 179 205 159
1 4 180 205 160 159
1 4 180 160 156 159
1 4 23 179 183 180
1 4 179 31 206 205
1 4 183 206 43 208
1 4 180 205 208 32
1 4 180 179 183 206
1 4 180 183 208 206
1 4 180 208 205 206
1 4 180 205 179 206
1 4 23 183 178 180
1 4 183 43 189 208
1 4 178 189 24 185
1 4 180 208 185 32
1 4 180 183 178 189
1 4 180 178 185 189
1 4 180 185 208 189
1 4 180 208 183 189
1 4 10 100 102 103
1 4 100 24 185 186
1 4 102 185 32 207
1 4 103 186 207 33
1 4 102 100 186 103
1 4 102 103 186 207
1 4 102 207 186 185
1 4 102 185 186 100
1 4 24 59 157 161
1 4 59 1 54 55
1 4 157 54 19 155
1 4 161 55 155 20
1 4 157 59 55 161
1 4 157 161 55 155
1 4 157 155 55 54
1 4 157 54 55 59
1 4 32 160 69 203
1 4 160 19 65 158
1 4 69 65 3 67
1 4 203 158 67 30
1 4 69 160 158 203
1 4 69 203 158 67
1 4 69 67 158 65
1 4 69 65 158 160
1 4 33 166 204 73
1 4 166 20 164 70
1 4 204 164 30 72
1 4 73 70 72 4
1 4 204 166 70 73
1 4 204 73 70 72
1 4 204 72 70 164
1 4 204 164 70 166
1 4 32 185 165 207
1 4 185 24 161 186
1 4 165 161 20 166
1 4 207 186 166 33
1 4 165 185 186 207
1 4 165 207 186 166
1 4 165 166 186 161
1 4 165 161 186 185
1 4 32 207 165 203
1 4 207 33 166 204
1 4 165 166 20 164
1 4 203 204 164 30
1 4 165 207 204 203
1 4 165 203 204 164
1 4 165 164 204 166
1 4 165 166 204 207
1 4 32 203 165 160
1 4 203 30 164 158
1 4 165 164 20 155
1 4 160 158 155 19
1 4 165 203 158 160
1 4 165 160 158 155
1 4 165 155 158 164
1 4 165 164 158 203
1 4 32 160 165 185
1 4 160 19 155 157
1 4 165 155 20 161
1 4 185 157 161 24
1 4 165 160 157 185
1 4 165 185 157 161
1 4 165 161 157 155
1 4 165 155 157 160
1 4 44 196 224 107
1 4 196 26 195 101
1 4 224 195 41 105
1 4 107 101 105 10
1 4 224 196 101 107
1 4 224 107 101 105
1 4 224 105 101 195
1 4 224 195 101 196
1 4 25 192 71 191
1 4 192 34 74 209
1 4 71 74 4 73
1 4 191 209 73 33
1 4 191 192 71 74
1 4 191 71 73 74
1 4 191 73 209 74
1 4 191 209 192 74
1 4 26 196 193 101
1 4 196 44 210 107
1 4 193 210 33 103
1 4 101 107 103 10
1 4 101 196 193 210
1 4 101 193 103 210
1 4 101 103 107 210
1 4 101 107 196 210
1 4 26 190 193 194
1 4 190 25 191 192
1 4 193 191 33 209
1 4 194 192 209 34
1 4 194 190 193 191
1 4 194 193 209 191
1 4 194 209 192 191
1 4 194 192 190 191
1 4 26 193 196 194
1 4 193 33 210 209
1 4 196 210 44 211
1 4 194 209 211 34
1 4 194 193 196 210
1 4 194 196 211 210
1 4 194 211 209 210
1 4 194 209 193 210

boundary
320
3 2 9 96 97
3 2 216 97 96
3 2 96 37 216
3 2 97 216 39
3 2 35 213 212
3 2 216 212 213
3 2 213 39 216
3 2 212 216 37
3 2 37 78 212
3 2 76 212 78
3 2 78 5 76
3 2 212 76 35
3 2 39 213 83
3 2 81 83 213
3 2 213 35 81
3 2 83 81 6
3 2 0 49 48
3 2 126 48 49
3 2 49 15 126
3 2 48 126 14
3 2 35 129 135
3 2 126 135 129
3 2 129 14 126
3 2 135 126 15
3 2 15 79 135
3 2 81 135 79
3 2 79 6 81
3 2 135 81 35
3 2 14 129 75
3 2 76 75 129
3 2 129 35 76
3 2 75 76 5
3 2 6 79 80
3 2 133 80 79
3 2 79 15 133
3 2 80 133 21
3 2 11 112 109
3 2 133 109 112
3 2 112 21 133
3 2 109 133 15
3 2 15 49 109
3 2 45 109 49
3 2 49 0 45
3 2 109 45 11
3 2 21 112 56
3 2 52 56 112
3 2 112 11 52
3 2 56 52 1
3 2 0 47 45
3 2 108 45 47
3 2 47 13 108
3 2 45 108 11
3 2 19 111 121
3 2 108 121 111
3 2 111 11 108
3 2 121 108 13
3 2 13 64 121
3 2 65 121 64
3 2 64 3 65
3 2 121 65 19
3 2 11 111 52
3 2 54 52 111
3 2 111 19 54
3 2 52 54 1
3 2 5 78 77
3 2 214 77 78
3 2 78 37 214
3 2 77 214 36
3 2 42 215 217
3 2 214 217 215
3 2 215 36 214
3 2 217 214 37
3 2 37 96 217
3 2 98 217 96
3 2 96 9 98
3 2 217 98 42
3 2 36 215 90
3 2 91 90 215
3 2 215 42 91
3 2 90 91 8
1 2 8 88 90
1 2 141 90 88
1 2 88 16 141
1 2 90 141 36
1 2 14 130 127
1 2 141 127 130
1 2 130 36 141
1 2 127 141 16
1 2 16 50 127
1 2 48 127 50
1 2 50 0 48
1 2 127 48 14
1 2 36 130 77
1 2 75 77 130
1 2 130 14 75
1 2 77 75 5
3 2 9 94 98
3 2 202 98 94
3 2 94 29 202
3 2 98 202 42
3 2 28 200 199
3 2 202 199 200
3 2 200 42 202
3 2 199 202 29
3 2 29 63 199
3 2 62 199 63
3 2 63 2 62
3 2 199 62 28
3 2 42 200 91
3 2 89 91 200
3 2 200 28 89
3 2 91 89 8
1 2 0 50 46
1 2 115 46 50
1 2 50 16 115
1 2 46 115 12
1 2 28 118 139
1 2 115 139 118
1 2 118 12 115
1 2 139 115 16
1 2 16 88 139
1 2 89 139 88
1 2 88 8 89
1 2 139 89 28
1 2 12 118 60
1 2 62 60 118
1 2 118 28 62
1 2 60 62 2
3 2 2 63 61
3 2 197 61 63
3 2 63 29 197
3 2 61 197 27
3 2 31 198 201
3 2 197 201 198
3 2 198 27 197
3 2 201 197 29
3 2 29 94 201
3 2 95 201 94
3 2 94 9 95
3 2 201 95 31
3 2 27 198 66
3 2 68 66 198
3 2 198 31 68
3 2 66 68 3
3 2 3 64 66
3 2 123 66 64
3 2 64 13 123
3 2 66 123 27
3 2 12 117 114
3 2 123 114 117
3 2 117 27 123
3 2 114 123 13
3 2 13 47 114
3 2 46 114 47
3 2 47 0 46
3 2 114 46 12
3 2 27 117 61
3 2 60 61 117
3 2 117 12 60
3 2 61 60 2
3 2 10 104 105
3 2 222 105 104
3 2 104 40 222
3 2 105 222 41
3 2 38 219 218
3 2 222 218 219
3 2 219 41 222
3 2 218 222 40
3 2 40 84 218
3 2 82 218 84
3 2 84 6 82
3 2 218 82 38
3 2 41 219 87
3 2 86 87 219
3 2 219 38 86
3 2 87 86 7
3 2 1 57 56
3 2 167 56 57
3 2 57 22 167
3 2 56 167 21
3 2 38 170 175
3 2 167 175 170
3 2 170 21 167
3 2 175 167 22
3 2 22 85 175
3 2 86 175 85
3 2 85 7 86
3 2 175 86 38
3 2 21 170 80
3 2 82 80 170
3 2 170 38 82
3 2 80 82 6
3 2 22 57 151
3 2 53 151 57
3 2 57 1 53
3 2 151 53 18
3 2 1 55 53
3 2 150 53 55
3 2 55 20 150
3 2 53 150 18
3 2 25 153 162
3 2 150 162 153
3 2 153 18 150
3 2 162 150 20
3 2 20 70 162
3 2 71 162 70
3 2 70 4 71
3 2 162 71 25
3 2 6 84 83
3 2 220 83 84
3 2 84 40 220
3 2 83 220 39
3 2 43 221 223
3 2 220 223 221
3 2 221 39 220
3 2 223 220 40
3 2 40 104 223
3 2 106 223 104
3 2 104 10 106
3 2 223 106 43
3 2 39 221 97
3 2 99 97 221
3 2 221 43 99
3 2 97 99 9
3 2 10 102 106
3 2 208 106 102
3 2 102 32 208
3 2 106 208 43
3 2 31 206 205
3 2 208 205 206
3 2 206 43 208
3 2 205 208 32
3 2 32 69 205
3 2 68 205 69
3 2 69 3 68
3 2 205 68 31
3 2 43 206 99
3 2 95 99 206
3 2 206 31 95
3 2 99 95 9
3 2 3 69 67
3 2 203 67 69
3 2 69 32 203
3 2 67 203 30
3 2 33 204 207
3 2 203 207 204
3 2 204 30 203
3 2 207 203 32
3 2 32 102 207
3 2 103 207 102
3 2 102 10 103
3 2 207 103 33
3 2 30 204 72
3 2 73 72 204
3 2 204 33 73
3 2 72 73 4
3 2 4 70 72
3 2 164 72 70
3 2 70 20 164
3 2 72 164 30
3 2 19 158 155
3 2 164 155 158
3 2 158 30 164
3 2 155 164 20
3 2 20 55 155
3 2 54 155 55
3 2 55 1 54
3 2 155 54 19
3 2 30 158 67
3 2 65 67 158
3 2 158 19 65
3 2 67 65 3
3 2 41 224 105
3 2 107 105 224
3 2 224 44 107
3 2 105 107 10
3 2 33 210 209
3 2 211 209 210
3 2 210 44 211
3 2 209 211 34
3 2 34 74 209
3 2 73 209 74
3 2 74 4 73
3 2 209 73 33
3 2 44 210 107
3 2 103 107 210
3 2 210 33 103
3 2 107 103 10
4 2 41 87 177
4 2 22 151 174
4 2 22 174 177
4 2 26 154 190
4 2 44 224 196
4 2 25 71 192
4 2 26 190 194
4 2 26 194 196
4 2 177 87 85
4 2 87 7 85
4 2 177 85 22
4 2 174 151 154
4 2 151 18 154
4 2 174 154 26
4 2 174 195 177
4 2 177 195 41
4 2 174 26 195
4 2 190 154 153
4 2 190 153 25
4 2 154 18 153
4 2 224 195 196
4 2 224 41 195
4 2 196 195 26
4 2 192 71 74
4 2 71 4 74
4 2 192 74 34
4 2 194 190 192
4 2 194 192 34
4 2 190 25 192
4 2 194 211 196
4 2 194 34 211
4 2 196 211 44

vertices
225

nodes
FiniteElementSpace
FiniteElementCollection: H1_3D_P1
VDim: 3
Ordering: 1

0 0 0
0.99728485 -3.1562817e-05 -0.0031579406
0 1 0
0.99700707 1.0005108 -0.0030765621
1.994317 1.0010348 -0.011513452
0 0 1
1.0030722 0.00041305854 0.99683341
2.0057452 0.00084816983 0.98830603
0 1 1
1.0026309 0.99986255 0.99695837
2.0049981 1.0003707 0.98851486
0.49858524 -0.00018003633 -0.00089172246
0 0.5 0
0.49854362 0.50007277 -0.00099368294
0 0 0.5
0.50009333 5.954606e-05 0.4992951
0 0.5 0.5
0.50000992 0.50004685 0.49920755
1.4960624 0.00022516365 -0.0067904033
0.99714557 0.50022753 -0.0032473785
1.4958338 0.50046875 -0.0068502014
1.0001765 0.00019395703 0.49701978
1.5002567 0.00041146945 0.49337432
1.0000014 0.50018073 0.49693565
1.4999985 0.50039932 0.49331793
1.9946181 0.50078835 -0.011715169
1.999997 0.50069752 0.48843997
0.49847896 1.0003444 -0.00086630415
0 1 0.5
0.49992353 1.00006 0.49935082
1.495612 1.0007354 -0.0066611534
0.99982557 1.0001932 0.49712462
1.4997401 1.000411 0.49352485
1.999662 1.0007083 0.48865843
2.4995899 1.0010792 0.48262452
0.50159137 0.00030302411 0.99909597
0 0.5 1
0.50143376 0.50001349 0.99902073
1.5044592 0.00059106132 0.99320083
1.0028513 0.50012574 0.99676437
1.504163 0.50032205 0.99315854
2.0053758 0.50059948 0.9882929
0.50131633 0.99976374 0.99917005
1.5038596 1.0000746 0.99336936
2.506046 1.0007422 0.98249344
0.24926457 -0.00017567751 -0.00029621529
0 0.25 0
0.24927938 0.24993894 -0.00035806366
0 0 0.25
0.24967828 -0.00010101365 0.24983182
0 0.25 0.25
0.2496928 0.24997203 0.24978595
0.74792616 -0.00012317268 -0.0018475692
1.2466631 8.5789555e-05 -0.0048099247
0.99721732 0.25009397 -0.0032324405
1.2465715 0.25020759 -0.0048768572
0.99875296 6.4436608e-05 0.24697239
1.2484623 0.00017320569 0.24531593
0.99866857 0.25013345 0.2468994
1.2483547 0.25024018 0.24525022
0 0.75 0
0.24922091 1.0002465 -0.00030812932
0 1 0.25
0.24963171 1.0001568 0.24985839
0.74778374 0.75027927 -0.001903663
0.99707332 0.75036823 -0.0031951775
0.74773683 1.0004238 -0.0017926567
1.2462976 1.0006138 -0.0047039481
0.99842262 1.0003709 0.24707123
1.2480463 1.0004707 0.24543899
1.7450797 0.75074715 -0.0090630135
1.9944646 0.75091125 -0.011643087
1.7449517 1.0008758 -0.0089351741
1.9969974 1.0008873 0.23861405
2.2466749 1.0010634 0.23573866
0 0 0.75
0.25082353 0.00024618508 0.99967937
0 0.25 1
0.25072263 0.25008933 0.99963298
0.75121549 0.00025317906 0.74828998
1.0015999 0.00032162528 0.74697465
0.75234237 0.0003520435 0.99814351
1.2537781 0.0004921609 0.99518121
1.0029565 0.25026879 0.99676477
1.2536448 0.25035238 0.99511966
1.7526805 0.00064598023 0.74103097
1.755115 0.00070988294 0.990905
2.0055572 0.25072344 0.98826958
0 0.75 0.75
0 1 0.75
0 0.75 1
0.25063756 0.99979581 0.9997259
0.75099466 0.75000917 0.74825906
1.0013183 0.75008215 0.74695888
0.75092604 0.99993767 0.74837632
1.001225 1.0000119 0.74708491
0.75207424 0.74992418 0.99812634
1.0027469 0.74999051 0.99683142
0.7519835 0.99979474 0.99824449
1.2532564 0.99995719 0.99532843
1.7522213 0.75043103 0.74107155
2.0024995 0.75058719 0.73848619
1.7520654 1.0003681 0.74120705
2.0023249 1.0005268 0.73862328
1.7546174 0.75032822 0.99095786
2.0051934 0.75048158 0.98837711
1.7544402 1.0002128 0.99109406
2.2555334 1.0005475 0.98564392
0.49857363 0.24994753 -0.00096914245
0.49936186 -8.0501592e-05 0.24924562
0.49933591 0.24999177 0.24917348
0.74788525 0.25000492 -0.0019268627
0.74905306 -2.1393283e-05 0.248287
0.748995 0.25004931 0.24821003
0.249262 0.50002858 -0.0003777724
0 0.5 0.25
0.2496771 0.50002198 0.24977233
0.24924521 0.75012527 -0.00036218137
0 0.75 0.25
0.24965775 0.75007727 0.24979043
0.49930213 0.50006185 0.24915517
0.7478354 0.50013874 -0.001947809
0.74893785 0.50012248 0.24819414
0.49851059 0.75020348 -0.00096104255
0.49926189 0.75013545 0.24918973
0.74887748 0.75020069 0.24824098
0.25004755 2.2801587e-05 0.49986809
0 0.25 0.5
0.25003153 0.25001573 0.49981804
0.25041852 0.00014700008 0.74982327
0 0.25 0.75
0.25036508 0.25005955 0.74977373
0.50005125 0.25004863 0.49921886
0.75013532 0.00011639609 0.49833651
0.7500695 0.25010525 0.49825487
0.50082113 0.00020040504 0.74924668
0.50075858 0.25010859 0.74917175
0.75113998 0.25016262 0.74821037
0.25001106 0.50001229 0.49980791
0 0.75 0.5
0.24999141 0.75001351 0.49982846
0 0.5 0.75
0.25033945 0.5000024 0.74976665
0.25031867 0.74995103 0.74979119
0.7500047 0.50010294 0.49824451
0.49996742 0.75004883 0.49924602
0.74993947 0.75010532 0.49829512
0.50070625 0.50003168 0.74916417
0.75106579 0.5000827 0.74820359
0.50065986 0.74996213 0.74920753
1.4959485 0.25034275 -0.0068487804
1.4981816 0.00030310968 0.2433309
1.4980526 0.25036782 0.24327363
1.7453488 0.25049787 -0.0091362307
1.747762 0.25051532 0.24098154
1.2464779 0.5003379 -0.0048851004
0.99858832 0.5002055 0.24688868
1.2482525 0.50031006 0.24524572
1.2463846 0.75047532 -0.0048268032
0.99850721 0.75028319 0.24694396
1.2481506 0.75038563 0.24530717
1.4979295 0.50043522 0.24327566
1.7452138 0.50061917 -0.0091309072
1.747619 0.50058015 0.24099011
1.4957198 0.75060166 -0.0067868317
1.4978073 0.75050818 0.24334214
1.7474771 0.75065034 0.24106102
1.2502171 0.00029242462 0.49536121
1.0000885 0.25018322 0.49694189
1.2501079 0.25028217 0.4952906
1.2519728 0.0004095759 0.74531736
1.0015072 0.25023342 0.74689884
1.2518611 0.2503242 0.74524871
1.5001271 0.25040166 0.49331224
1.7501458 0.25054107 0.49101859
1.5023332 0.00051778351 0.74333191
1.5022021 0.25043544 0.74327166
1.7525303 0.25056675 0.74097948
1.2499996 0.50027972 0.49529004
0.99991421 0.7501831 0.4969944
1.2498913 0.75028205 0.49535474
1.0014124 0.50015488 0.74689579
1.2517461 0.50024816 0.74525107
1.2516307 0.75017766 0.74531973
1.7499977 0.50053883 0.49103063
1.4998699 0.7504016 0.49338749
1.7498495 0.75054104 0.4911045
1.5020674 0.50036218 0.74328008
1.7523764 0.50049632 0.74099414
1.5019317 0.75029426 0.74335337
1.9973207 0.50074405 0.23840106
1.9971598 0.75081142 0.23847604
2.2468555 0.75099066 0.23559939
1.99983 0.75069964 0.4885178
2.2498112 0.75087664 0.48563951
2.0026732 0.50064984 0.73840496
2.2527663 0.75076196 0.73560933
0.49921311 1.0002238 0.24929057
0.74881151 1.00029 0.24835957
0.24997139 1.0000233 0.49989768
0.25030443 0.99989078 0.74985441
0.74987252 1.0001159 0.49841688
0.50061867 0.99989197 0.74930674
1.4976832 1.0005903 0.2434767
1.7473335 1.0007294 0.24119751
1.2497818 1.0002918 0.49548943
1.2515151 1.0001097 0.74545039
1.7497003 1.0005501 0.4912437
1.5017954 1.0002288 0.74348685
2.2496252 1.000885 0.4857813
2.2525739 1.000704 0.73574773
2.5028121 1.0008991 0.73259262
0.50149744 0.25015205 0.99902619
0.7522414 0.25020407 0.99807066
0.2506938 0.49999034 0.99963039
0.25066576 0.7499007 0.99966171
0.75215626 0.50005925 0.99806622
0.5013771 0.74988875 0.99906987
1.5043074 0.25045617 0.99314744
1.7549448 0.25058004 0.99086008
1.2535198 0.50021344 0.99512474
1.2533945 0.75008151 0.99519694
1.7547816 0.50045097 0.99087733
1.5040179 0.75019454 0.99323511
2.2557458 0.75065378 0.98550489
