MFEM mesh v1.0

#
# MFEM Geometry Types (see fem/geom.hpp):
#
# POINT       = 0
# SEGMENT     = 1
# TRIANGLE    = 2
# SQUARE      = 3
# TETRAHEDRON = 4
# CUBE        = 5
# PRISM       = 6
#

dimension
3

elements
768
1 4 11 111 75 109
1 4 111 36 78 133
1 4 75 78 5 76
1 4 109 133 76 15
1 4 75 111 133 109
1 4 75 109 133 76
1 4 75 76 133 78
1 4 75 78 133 111
1 4 10 108 107 45
1 4 108 17 130 51
1 4 107 130 15 49
1 4 45 51 49 0
1 4 107 108 51 45
1 4 107 45 51 49
1 4 107 49 51 130
1 4 107 130 51 108
1 4 11 105 110 109
1 4 105 10 108 107
1 4 110 108 17 130
1 4 109 107 130 15
1 4 110 105 107 109
1 4 110 109 107 130
1 4 110 130 107 108
1 4 110 108 107 105
1 4 11 109 110 111
1 4 109 15 130 133
1 4 110 130 17 143
1 4 111 133 143 36
1 4 110 109 133 111
1 4 110 111 133 143
1 4 110 143 133 130
1 4 110 130 133 109
1 4 17 108 119 51
1 4 108 10 106 45
1 4 119 106 13 47
1 4 51 45 47 0
1 4 51 108 119 106
1 4 51 119 47 106
1 4 51 47 45 106
1 4 51 45 108 106
1 4 8 89 94 93
1 4 89 18 150 149
1 4 94 150 39 216
1 4 93 149 216 37
1 4 93 89 94 150
1 4 93 94 216 150
1 4 93 216 149 150
1 4 93 149 89 150
1 4 18 52 135 131
1 4 52 0 50 49
1 4 135 50 16 129
1 4 131 49 129 15
1 4 131 52 135 50
1 4 131 135 129 50
1 4 131 129 49 50
1 4 131 49 52 50
1 4 39 140 84 213
1 4 140 16 80 138
1 4 84 80 6 82
1 4 213 138 82 35
1 4 213 140 84 80
1 4 213 84 82 80
1 4 213 82 138 80
1 4 213 138 140 80
1 4 37 134 212 79
1 4 134 15 132 76
1 4 212 132 35 77
1 4 79 76 77 5
1 4 79 134 212 132
1 4 79 212 77 132
1 4 79 77 76 132
1 4 79 76 134 132
1 4 37 149 216 139
1 4 149 18 150 135
1 4 216 150 39 140
1 4 139 135 140 16
1 4 139 149 216 150
1 4 139 216 140 150
1 4 139 140 135 150
1 4 139 135 149 150
1 4 37 216 212 139
1 4 216 39 213 140
1 4 212 213 35 138
1 4 139 140 138 16
1 4 139 216 212 213
1 4 139 212 138 213
1 4 139 138 140 213
1 4 139 140 216 213
1 4 37 212 134 139
1 4 212 35 132 138
1 4 134 132 15 129
1 4 139 138 129 16
1 4 139 212 134 132
1 4 139 134 129 132
1 4 139 129 138 132
1 4 139 138 212 132
1 4 37 134 149 139
1 4 134 15 131 129
1 4 149 131 18 135
1 4 139 129 135 16
1 4 139 134 149 131
1 4 139 149 135 131
1 4 139 135 129 131
1 4 139 129 134 131
1 4 0 52 50 46
1 4 52 18 135 114
1 4 50 135 16 113
1 4 46 114 113 12
1 4 50 52 114 46
1 4 50 46 114 113
1 4 50 113 114 135
1 4 50 135 114 52
1 4 18 89 150 146
1 4 89 8 94 90
1 4 150 94 39 183
1 4 146 90 183 24
1 4 150 89 90 146
1 4 150 146 90 183
1 4 150 183 90 94
1 4 150 94 90 89
1 4 16 140 80 136
1 4 140 39 84 173
1 4 80 84 6 81
1 4 136 173 81 22
1 4 80 140 173 136
1 4 80 136 173 81
1 4 80 81 173 84
1 4 80 84 173 140
1 4 12 117 116 53
1 4 117 24 170 59
1 4 116 170 22 57
1 4 53 59 57 1
1 4 116 117 59 53
1 4 116 53 59 57
1 4 116 57 59 170
1 4 116 170 59 117
1 4 16 135 137 113
1 4 135 18 146 114
1 4 137 146 24 117
1 4 113 114 117 12
1 4 137 135 114 113
1 4 137 113 114 117
1 4 137 117 114 146
1 4 137 146 114 135
1 4 16 113 137 136
1 4 113 12 117 116
1 4 137 117 24 170
1 4 136 116 170 22
1 4 137 113 116 136
1 4 137 136 116 170
1 4 137 170 116 117
1 4 137 117 116 113
1 4 16 136 137 140
1 4 136 22 170 173
1 4 137 170 24 183
1 4 140 173 183 39
1 4 137 136 173 140
1 4 137 140 173 183
1 4 137 183 173 170
1 4 137 170 173 136
1 4 16 140 137 135
1 4 140 39 183 150
1 4 137 183 24 146
1 4 135 150 146 18
1 4 137 140 150 135
1 4 137 135 150 146
1 4 137 146 150 183
1 4 137 183 150 140
1 4 8 89 92 90
1 4 89 18 148 146
1 4 92 148 31 181
1 4 90 146 181 24
1 4 90 89 92 148
1 4 90 92 181 148
1 4 90 181 146 148
1 4 90 146 89 148
1 4 18 52 123 114
1 4 52 0 48 46
1 4 123 48 14 112
1 4 114 46 112 12
1 4 114 52 123 48
1 4 114 123 112 48
1 4 114 112 46 48
1 4 114 46 52 48
1 4 31 128 68 161
1 4 128 14 64 124
1 4 68 64 3 65
1 4 161 124 65 20
1 4 161 128 68 64
1 4 161 68 65 64
1 4 161 65 124 64
1 4 161 124 128 64
1 4 24 117 158 59
1 4 117 12 115 53
1 4 158 115 20 55
1 4 59 53 55 1
1 4 59 117 158 115
1 4 59 158 55 115
1 4 59 55 53 115
1 4 59 53 117 115
1 4 24 146 181 125
1 4 146 18 148 123
1 4 181 148 31 128
1 4 125 123 128 14
1 4 125 146 181 148
1 4 125 181 128 148
1 4 125 128 123 148
1 4 125 123 146 148
1 4 24 181 158 125
1 4 181 31 161 128
1 4 158 161 20 124
1 4 125 128 124 14
1 4 125 181 158 161
1 4 125 158 124 161
1 4 125 124 128 161
1 4 125 128 181 161
1 4 24 158 117 125
1 4 158 20 115 124
1 4 117 115 12 112
1 4 125 124 112 14
1 4 125 158 117 115
1 4 125 117 112 115
1 4 125 112 124 115
1 4 125 124 158 115
1 4 24 117 146 125
1 4 117 12 114 112
1 4 146 114 18 123
1 4 125 112 123 14
1 4 125 117 146 114
1 4 125 146 123 114
1 4 125 123 112 114
1 4 125 112 117 114
1 4 8 89 93 95
1 4 89 18 149 151
1 4 93 149 37 217
1 4 95 151 217 42
1 4 93 89 151 95
1 4 93 95 151 217
1 4 93 217 151 149
1 4 93 149 151 89
1 4 18 52 131 141
1 4 52 0 49 51
1 4 131 49 15 130
1 4 141 51 130 17
1 4 131 52 51 141
1 4 131 141 51 130
1 4 131 130 51 49
1 4 131 49 51 52
1 4 37 134 79 214
1 4 134 15 76 133
1 4 79 76 5 78
1 4 214 133 78 36
1 4 79 134 133 214
1 4 79 214 133 78
1 4 79 78 133 76
1 4 79 76 133 134
1 4 37 149 144 217
1 4 149 18 141 151
1 4 144 141 17 145
1 4 217 151 145 42
1 4 144 149 151 217
1 4 144 217 151 145
1 4 144 145 151 141
1 4 144 141 151 149
1 4 37 217 144 214
1 4 217 42 145 215
1 4 144 145 17 143
1 4 214 215 143 36
1 4 144 217 215 214
1 4 144 214 215 143
1 4 144 143 215 145
1 4 144 145 215 217
1 4 37 214 144 134
1 4 214 36 143 133
1 4 144 143 17 130
1 4 134 133 130 15
1 4 144 214 133 134
1 4 144 134 133 130
1 4 144 130 133 143
1 4 144 143 133 214
1 4 37 134 144 149
1 4 134 15 130 131
1 4 144 130 17 141
1 4 149 131 141 18
1 4 144 134 131 149
1 4 144 149 131 141
1 4 144 141 131 130
1 4 144 130 131 134
1 4 0 52 47 51
1 4 52 18 120 141
1 4 47 120 13 119
1 4 51 141 119 17
1 4 51 52 47 120
1 4 51 47 119 120
1 4 51 119 141 120
1 4 51 141 52 120
1 4 18 89 147 151
1 4 89 8 91 95
1 4 147 91 29 202
1 4 151 95 202 42
1 4 151 89 147 91
1 4 151 147 202 91
1 4 151 202 95 91
1 4 151 95 89 91
1 4 17 141 119 142
1 4 141 18 120 147
1 4 119 120 13 122
1 4 142 147 122 29
1 4 142 141 119 120
1 4 142 119 122 120
1 4 142 122 147 120
1 4 142 147 141 120
1 4 17 145 141 142
1 4 145 42 151 202
1 4 141 151 18 147
1 4 142 202 147 29
1 4 142 145 141 151
1 4 142 141 147 151
1 4 142 147 202 151
1 4 142 202 145 151
1 4 8 89 91 92
1 4 89 18 147 148
1 4 91 147 29 201
1 4 92 148 201 31
1 4 91 89 148 92
1 4 91 92 148 201
1 4 91 201 148 147
1 4 91 147 148 89
1 4 18 52 120 123
1 4 52 0 47 48
1 4 120 47 13 118
1 4 123 48 118 14
1 4 120 52 48 123
1 4 120 123 48 118
1 4 120 118 48 47
1 4 120 47 48 52
1 4 29 122 63 199
1 4 122 13 61 121
1 4 63 61 2 62
1 4 199 121 62 28
1 4 63 122 121 199
1 4 63 199 121 62
1 4 63 62 121 61
1 4 63 61 121 122
1 4 31 128 200 68
1 4 128 14 126 64
1 4 200 126 28 66
1 4 68 64 66 3
1 4 200 128 64 68
1 4 200 68 64 66
1 4 200 66 64 126
1 4 200 126 64 128
1 4 29 147 127 201
1 4 147 18 123 148
1 4 127 123 14 128
1 4 201 148 128 31
1 4 127 147 148 201
1 4 127 201 148 128
1 4 127 128 148 123
1 4 127 123 148 147
1 4 29 201 127 199
1 4 201 31 128 200
1 4 127 128 14 126
1 4 199 200 126 28
1 4 127 201 200 199
1 4 127 199 200 126
1 4 127 126 200 128
1 4 127 128 200 201
1 4 29 199 127 122
1 4 199 28 126 121
1 4 127 126 14 118
1 4 122 121 118 13
1 4 127 199 121 122
1 4 127 122 121 118
1 4 127 118 121 126
1 4 127 126 121 199
1 4 29 122 127 147
1 4 122 13 118 120
1 4 127 118 14 123
1 4 147 120 123 18
1 4 127 122 120 147
1 4 127 147 120 123
1 4 127 123 120 118
1 4 127 118 120 122
1 4 9 97 102 101
1 4 97 25 190 189
1 4 102 190 41 222
1 4 101 189 222 40
1 4 101 97 102 190
1 4 101 102 222 190
1 4 101 222 189 190
1 4 101 189 97 190
1 4 25 60 175 171
1 4 60 1 58 57
1 4 175 58 23 169
1 4 171 57 169 22
1 4 171 60 175 58
1 4 171 175 169 58
1 4 171 169 57 58
1 4 171 57 60 58
1 4 41 179 88 219
1 4 179 23 86 177
1 4 88 86 7 87
1 4 219 177 87 38
1 4 219 179 88 86
1 4 219 88 87 86
1 4 219 87 177 86
1 4 219 177 179 86
1 4 40 174 218 85
1 4 174 22 172 81
1 4 218 172 38 83
1 4 85 81 83 6
1 4 85 174 218 172
1 4 85 218 83 172
1 4 85 83 81 172
1 4 85 81 174 172
1 4 40 189 222 178
1 4 189 25 190 175
1 4 222 190 41 179
1 4 178 175 179 23
1 4 178 189 222 190
1 4 178 222 179 190
1 4 178 179 175 190
1 4 178 175 189 190
1 4 40 222 218 178
1 4 222 41 219 179
1 4 218 219 38 177
1 4 178 179 177 23
1 4 178 222 218 219
1 4 178 218 177 219
1 4 178 177 179 219
1 4 178 179 222 219
1 4 40 218 174 178
1 4 218 38 172 177
1 4 174 172 22 169
1 4 178 177 169 23
1 4 178 218 174 172
1 4 178 174 169 172
1 4 178 169 177 172
1 4 178 177 218 172
1 4 40 174 189 178
1 4 174 22 171 169
1 4 189 171 25 175
1 4 178 169 175 23
1 4 178 174 189 171
1 4 178 189 175 171
1 4 178 175 169 171
1 4 178 169 174 171
1 4 1 60 58 54
1 4 60 25 175 154
1 4 58 175 23 153
1 4 54 154 153 19
1 4 58 60 154 54
1 4 58 54 154 153
1 4 58 153 154 175
1 4 58 175 154 60
1 4 25 97 190 186
1 4 97 9 102 98
1 4 190 102 41 197
1 4 186 98 197 27
1 4 190 97 98 186
1 4 190 186 98 197
1 4 190 197 98 102
1 4 190 102 98 97
1 4 23 175 176 153
1 4 175 25 186 154
1 4 176 186 27 156
1 4 153 154 156 19
1 4 176 175 154 153
1 4 176 153 154 156
1 4 176 156 154 186
1 4 176 186 154 175
1 4 23 179 176 175
1 4 179 41 197 190
1 4 176 197 27 186
1 4 175 190 186 25
1 4 176 179 190 175
1 4 176 175 190 186
1 4 176 186 190 197
1 4 176 197 190 179
1 4 9 97 100 98
1 4 97 25 188 186
1 4 100 188 33 195
1 4 98 186 195 27
1 4 98 97 100 188
1 4 98 100 195 188
1 4 98 195 186 188
1 4 98 186 97 188
1 4 25 60 163 154
1 4 60 1 56 54
1 4 163 56 21 152
1 4 154 54 152 19
1 4 154 60 163 56
1 4 154 163 152 56
1 4 154 152 54 56
1 4 154 54 60 56
1 4 33 168 73 193
1 4 168 21 70 164
1 4 73 70 4 71
1 4 193 164 71 26
1 4 193 168 73 70
1 4 193 73 71 70
1 4 193 71 164 70
1 4 193 164 168 70
1 4 27 186 195 165
1 4 186 25 188 163
1 4 195 188 33 168
1 4 165 163 168 21
1 4 165 186 195 188
1 4 165 195 168 188
1 4 165 168 163 188
1 4 165 163 186 188
1 4 27 195 192 165
1 4 195 33 193 168
1 4 192 193 26 164
1 4 165 168 164 21
1 4 165 195 192 193
1 4 165 192 164 193
1 4 165 164 168 193
1 4 165 168 195 193
1 4 27 192 156 165
1 4 192 26 155 164
1 4 156 155 19 152
1 4 165 164 152 21
1 4 165 192 156 155
1 4 165 156 152 155
1 4 165 152 164 155
1 4 165 164 192 155
1 4 27 156 186 165
1 4 156 19 154 152
1 4 186 154 25 163
1 4 165 152 163 21
1 4 165 156 186 154
1 4 165 186 163 154
1 4 165 163 152 154
1 4 165 152 156 154
1 4 9 97 101 103
1 4 97 25 189 191
1 4 101 189 40 223
1 4 103 191 223 43
1 4 101 97 191 103
1 4 101 103 191 223
1 4 101 223 191 189
1 4 101 189 191 97
1 4 25 60 171 180
1 4 60 1 57 59
1 4 171 57 22 170
1 4 180 59 170 24
1 4 171 60 59 180
1 4 171 180 59 170
1 4 171 170 59 57
1 4 171 57 59 60
1 4 40 174 85 220
1 4 174 22 81 173
1 4 85 81 6 84
1 4 220 173 84 39
1 4 85 174 173 220
1 4 85 220 173 84
1 4 85 84 173 81
1 4 85 81 173 174
1 4 43 185 221 96
1 4 185 24 183 90
1 4 221 183 39 94
1 4 96 90 94 8
1 4 221 185 90 96
1 4 221 96 90 94
1 4 221 94 90 183
1 4 221 183 90 185
1 4 40 189 184 223
1 4 189 25 180 191
1 4 184 180 24 185
1 4 223 191 185 43
1 4 184 189 191 223
1 4 184 223 191 185
1 4 184 185 191 180
1 4 184 180 191 189
1 4 40 223 184 220
1 4 223 43 185 221
1 4 184 185 24 183
1 4 220 221 183 39
1 4 184 223 221 220
1 4 184 220 221 183
1 4 184 183 221 185
1 4 184 185 221 223
1 4 40 220 184 174
1 4 220 39 183 173
1 4 184 183 24 170
1 4 174 173 170 22
1 4 184 220 173 174
1 4 184 174 173 170
1 4 184 170 173 183
1 4 184 183 173 220
1 4 40 174 184 189
1 4 174 22 170 171
1 4 184 170 24 180
1 4 189 171 180 25
1 4 184 174 171 189
1 4 184 189 171 180
1 4 184 180 171 170
1 4 184 170 171 174
1 4 1 60 55 59
1 4 60 25 159 180
1 4 55 159 20 158
1 4 59 180 158 24
1 4 59 60 55 159
1 4 59 55 158 159
1 4 59 158 180 159
1 4 59 180 60 159
1 4 25 97 187 191
1 4 97 9 99 103
1 4 187 99 32 208
1 4 191 103 208 43
1 4 191 97 187 99
1 4 191 187 208 99
1 4 191 208 103 99
1 4 191 103 97 99
1 4 20 162 65 161
1 4 162 32 69 205
1 4 65 69 3 68
1 4 161 205 68 31
1 4 161 162 65 69
1 4 161 65 68 69
1 4 161 68 205 69
1 4 161 205 162 69
1 4 24 185 181 90
1 4 185 43 206 96
1 4 181 206 31 92
1 4 90 96 92 8
1 4 90 185 181 206
1 4 90 181 92 206
1 4 90 92 96 206
1 4 90 96 185 206
1 4 24 180 158 182
1 4 180 25 159 187
1 4 158 159 20 162
1 4 182 187 162 32
1 4 182 180 158 159
1 4 182 158 162 159
1 4 182 162 187 159
1 4 182 187 180 159
1 4 24 158 181 182
1 4 158 20 161 162
1 4 181 161 31 205
1 4 182 162 205 32
1 4 182 158 181 161
1 4 182 181 205 161
1 4 182 205 162 161
1 4 182 162 158 161
1 4 24 181 185 182
1 4 181 31 206 205
1 4 185 206 43 208
1 4 182 205 208 32
1 4 182 181 185 206
1 4 182 185 208 206
1 4 182 208 205 206
1 4 182 205 181 206
1 4 24 185 180 182
1 4 185 43 191 208
1 4 180 191 25 187
1 4 182 208 187 32
1 4 182 185 180 191
1 4 182 180 187 191
1 4 182 187 208 191
1 4 182 208 185 191
1 4 9 97 99 100
1 4 97 25 187 188
1 4 99 187 32 207
1 4 100 188 207 33
1 4 99 97 188 100
1 4 99 100 188 207
1 4 99 207 188 187
1 4 99 187 188 97
1 4 25 60 159 163
1 4 60 1 55 56
1 4 159 55 20 157
1 4 163 56 157 21
1 4 159 60 56 163
1 4 159 163 56 157
1 4 159 157 56 55
1 4 159 55 56 60
1 4 32 162 69 203
1 4 162 20 65 160
1 4 69 65 3 67
1 4 203 160 67 30
1 4 69 162 160 203
1 4 69 203 160 67
1 4 69 67 160 65
1 4 69 65 160 162
1 4 33 168 204 73
1 4 168 21 166 70
1 4 204 166 30 72
1 4 73 70 72 4
1 4 204 168 70 73
1 4 204 73 70 72
1 4 204 72 70 166
1 4 204 166 70 168
1 4 32 187 167 207
1 4 187 25 163 188
1 4 167 163 21 168
1 4 207 188 168 33
1 4 167 187 188 207
1 4 167 207 188 168
1 4 167 168 188 163
1 4 167 163 188 187
1 4 32 207 167 203
1 4 207 33 168 204
1 4 167 168 21 166
1 4 203 204 166 30
1 4 167 207 204 203
1 4 167 203 204 166
1 4 167 166 204 168
1 4 167 168 204 207
1 4 32 203 167 162
1 4 203 30 166 160
1 4 167 166 21 157
1 4 162 160 157 20
1 4 167 203 160 162
1 4 167 162 160 157
1 4 167 157 160 166
1 4 167 166 160 203
1 4 32 162 167 187
1 4 162 20 157 159
1 4 167 157 21 163
1 4 187 159 163 25
1 4 167 162 159 187
1 4 167 187 159 163
1 4 167 163 159 157
1 4 167 157 159 162
2 4 44 198 224 104
2 4 198 27 197 98
2 4 224 197 41 102
2 4 104 98 102 9
2 4 224 198 98 104
2 4 224 104 98 102
2 4 224 102 98 197
2 4 224 197 98 198
2 4 26 194 71 193
2 4 194 34 74 209
2 4 71 74 4 73
2 4 193 209 73 33
2 4 193 194 71 74
2 4 193 71 73 74
2 4 193 73 209 74
2 4 193 209 194 74
2 4 27 198 195 98
2 4 198 44 210 104
2 4 195 210 33 100
2 4 98 104 100 9
2 4 98 198 195 210
2 4 98 195 100 210
2 4 98 100 104 210
2 4 98 104 198 210
2 4 27 192 195 196
2 4 192 26 193 194
2 4 195 193 33 209
2 4 196 194 209 34
2 4 196 192 195 193
2 4 196 195 209 193
2 4 196 209 194 193
2 4 196 194 192 193
2 4 27 195 198 196
2 4 195 33 210 209
2 4 198 210 44 211
2 4 196 209 211 34
2 4 196 195 198 210
2 4 196 198 211 210
2 4 196 211 209 210
2 4 196 209 195 210

boundary
320
3 2 5 75 76
3 2 109 76 75
3 2 75 11 109
3 2 76 109 15
3 2 10 107 105
3 2 109 105 107
3 2 107 15 109
3 2 105 109 11
3 2 15 107 49
3 2 45 49 107
3 2 107 10 45
3 2 49 45 0
3 2 10 106 45
3 2 47 45 106
3 2 106 13 47
3 2 45 47 0
3 2 8 93 94
3 2 216 94 93
3 2 93 37 216
3 2 94 216 39
3 2 35 213 212
3 2 216 212 213
3 2 213 39 216
3 2 212 216 37
3 2 37 79 212
3 2 77 212 79
3 2 79 5 77
3 2 212 77 35
3 2 39 213 84
3 2 82 84 213
3 2 213 35 82
3 2 84 82 6
3 2 0 50 49
3 2 129 49 50
3 2 50 16 129
3 2 49 129 15
3 2 35 132 138
3 2 129 138 132
3 2 132 15 129
3 2 138 129 16
3 2 16 80 138
3 2 82 138 80
3 2 80 6 82
3 2 138 82 35
3 2 15 132 76
3 2 77 76 132
3 2 132 35 77
3 2 76 77 5
3 2 6 80 81
3 2 136 81 80
3 2 80 16 136
3 2 81 136 22
3 2 12 116 113
3 2 136 113 116
3 2 116 22 136
3 2 113 136 16
3 2 16 50 113
3 2 46 113 50
3 2 50 0 46
3 2 113 46 12
3 2 22 116 57
3 2 53 57 116
3 2 116 12 53
3 2 57 53 1
3 2 0 48 46
3 2 112 46 48
3 2 48 14 112
3 2 46 112 12
3 2 20 115 124
3 2 112 124 115
3 2 115 12 112
3 2 124 112 14
3 2 14 64 124
3 2 65 124 64
3 2 64 3 65
3 2 124 65 20
3 2 12 115 53
3 2 55 53 115
3 2 115 20 55
3 2 53 55 1
3 2 5 79 78
3 2 214 78 79
3 2 79 37 214
3 2 78 214 36
3 2 42 215 217
3 2 214 217 215
3 2 215 36 214
3 2 217 214 37
3 2 37 93 217
3 2 95 217 93
3 2 93 8 95
3 2 217 95 42
3 2 8 91 95
3 2 202 95 91
3 2 91 29 202
3 2 95 202 42
3 2 2 63 62
3 2 199 62 63
3 2 63 29 199
3 2 62 199 28
3 2 31 200 201
3 2 199 201 200
3 2 200 28 199
3 2 201 199 29
3 2 29 91 201
3 2 92 201 91
3 2 91 8 92
3 2 201 92 31
3 2 28 200 66
3 2 68 66 200
3 2 200 31 68
3 2 66 68 3
3 2 3 64 66
3 2 126 66 64
3 2 64 14 126
3 2 66 126 28
3 2 13 121 118
3 2 126 118 121
3 2 121 28 126
3 2 118 126 14
3 2 14 48 118
3 2 47 118 48
3 2 48 0 47
3 2 118 47 13
3 2 28 121 62
3 2 61 62 121
3 2 121 13 61
3 2 62 61 2
3 2 9 101 102
3 2 222 102 101
3 2 101 40 222
3 2 102 222 41
3 2 38 219 218
3 2 222 218 219
3 2 219 41 222
3 2 218 222 40
3 2 40 85 218
3 2 83 218 85
3 2 85 6 83
3 2 218 83 38
3 2 41 219 88
3 2 87 88 219
3 2 219 38 87
3 2 88 87 7
3 2 1 58 57
3 2 169 57 58
3 2 58 23 169
3 2 57 169 22
3 2 38 172 177
3 2 169 177 172
3 2 172 22 169
3 2 177 169 23
3 2 23 86 177
3 2 87 177 86
3 2 86 7 87
3 2 177 87 38
3 2 22 172 81
3 2 83 81 172
3 2 172 38 83
3 2 81 83 6
3 2 23 58 153
3 2 54 153 58
3 2 58 1 54
3 2 153 54 19
3 2 1 56 54
3 2 152 54 56
3 2 56 21 152
3 2 54 152 19
3 2 26 155 164
3 2 152 164 155
3 2 155 19 152
3 2 164 152 21
3 2 21 70 164
3 2 71 164 70
3 2 70 4 71
3 2 164 71 26
3 2 6 85 84
3 2 220 84 85
3 2 85 40 220
3 2 84 220 39
3 2 43 221 223
3 2 220 223 221
3 2 221 39 220
3 2 223 220 40
3 2 40 101 223
3 2 103 223 101
3 2 101 9 103
3 2 223 103 43
3 2 39 221 94
3 2 96 94 221
3 2 221 43 96
3 2 94 96 8
3 2 9 99 103
3 2 208 103 99
3 2 99 32 208
3 2 103 208 43
3 2 31 206 205
3 2 208 205 206
3 2 206 43 208
3 2 205 208 32
3 2 32 69 205
3 2 68 205 69
3 2 69 3 68
3 2 205 68 31
3 2 43 206 96
3 2 92 96 206
3 2 206 31 92
3 2 96 92 8
3 2 3 69 67
3 2 203 67 69
3 2 69 32 203
3 2 67 203 30
3 2 33 204 207
3 2 203 207 204
3 2 204 30 203
3 2 207 203 32
3 2 32 99 207
3 2 100 207 99
3 2 99 9 100
3 2 207 100 33
3 2 30 204 72
3 2 73 72 204
3 2 204 33 73
3 2 72 73 4
3 2 4 70 72
3 2 166 72 70
3 2 70 21 166
3 2 72 166 30
3 2 20 160 157
3 2 166 157 160
3 2 160 30 166
3 2 157 166 21
3 2 21 56 157
3 2 55 157 56
3 2 56 1 55
3 2 157 55 20
3 2 30 160 67
3 2 65 67 160
3 2 160 20 65
3 2 67 65 3
3 2 41 224 102
3 2 104 102 224
3 2 224 44 104
3 2 102 104 9
3 2 33 210 209
3 2 211 209 210
3 2 210 44 211
3 2 209 211 34
3 2 34 74 209
3 2 73 209 74
3 2 74 4 73
3 2 209 73 33
3 2 44 210 104
3 2 100 104 210
3 2 210 33 100
3 2 104 100 9
5 2 111 78 36
5 2 11 110 105
5 2 11 111 110
5 2 17 119 108
5 2 42 145 215
5 2 122 61 13
5 2 17 142 119
5 2 17 145 142
5 2 41 88 179
5 2 23 153 176
5 2 23 176 179
5 2 27 156 192
5 2 44 224 198
5 2 26 71 194
5 2 27 192 196
5 2 27 196 198
5 2 75 78 111
5 2 75 5 78
5 2 11 75 111
5 2 110 108 105
5 2 105 108 10
5 2 110 17 108
5 2 110 111 143
5 2 111 36 143
5 2 110 143 17
5 2 108 119 106
5 2 119 13 106
5 2 108 106 10
5 2 143 215 145
5 2 215 143 36
5 2 145 17 143
5 2 63 61 122
5 2 63 2 61
5 2 29 63 122
5 2 142 122 119
5 2 142 29 122
5 2 119 122 13
5 2 142 145 202
5 2 142 202 29
5 2 145 42 202
5 2 179 88 86
5 2 88 7 86
5 2 179 86 23
5 2 176 153 156
5 2 153 19 156
5 2 176 156 27
5 2 176 197 179
5 2 179 197 41
5 2 176 27 197
5 2 192 156 155
5 2 192 155 26
5 2 156 19 155
5 2 224 197 198
5 2 224 41 197
5 2 198 197 27
5 2 194 71 74
5 2 71 4 74
5 2 194 74 34
5 2 196 192 194
5 2 196 194 34
5 2 192 26 194
5 2 196 211 198
5 2 196 34 211
5 2 198 211 44

vertices
225

nodes
FiniteElementSpace
FiniteElementCollection: H1_3D_P1
VDim: 3
Ordering: 1

1.9949272 0.00056324576 -0.01168626
2.9929242 0.001449808 -0.024873258
1.994317 1.0010348 -0.011513452
2.9920349 1.0018436 -0.02462277
3.990062 1.0031202 -0.041627046
2.0057452 0.00084816983 0.98830603
3.0080119 0.0015827566 0.97512325
4.0100262 0.0027076007 0.95791928
3.0070043 1.001182 0.97540305
4.0086809 1.0021515 0.95838221
1.4960624 0.00022516365 -0.0067904033
1.5002567 0.00041146945 0.49337432
2.4938816 0.00097385864 -0.017746528
1.9946181 0.50078835 -0.011715169
2.4934997 0.50117996 -0.017746021
2.0003318 0.0007086855 0.48846599
2.5004011 0.0010797598 0.48239355
1.999997 0.50069752 0.48843997
2.4999956 0.50106938 0.48239661
3.4920449 0.0019707253 -0.032961771
2.9924798 0.50163756 -0.024846716
3.4915648 0.50215555 -0.032922913
3.0004635 0.0015187254 0.47525508
3.5005137 0.002019333 0.46715058
2.9999939 0.50150894 0.47528338
3.4999899 0.50201151 0.46718914
3.9906875 0.50271904 -0.041987624
3.9999951 0.50257113 0.45823291
2.493125 1.0014058 -0.017533565
2.4995899 1.0010792 0.48262452
3.4910348 1.0023532 -0.032672886
2.999523 1.0015175 0.4755211
3.4994598 1.0020188 0.46744985
3.9994084 1.0025888 0.45854995
4.4975507 1.0046184 0.43036116
2.5069287 0.0011804887 0.98224748
2.0053758 0.50059948 0.9882929
2.5064913 0.50095222 0.98226235
3.5090163 0.0020546716 0.96703031
3.0075102 0.50137403 0.97516329
3.5084376 0.50185858 0.96708759
4.0092931 0.5024162 0.95803226
2.506046 1.0007422 0.98249344
3.5078794 1.0016775 0.96734343
4.5406011 0.99749733 0.92627911
1.7454836 0.00038470265 -0.0090866577
2.2443932 0.00075989928 -0.014576946
1.9947725 0.25067189 -0.011727076
2.2442197 0.25086398 -0.01460918
1.997651 0.00062197695 0.23842589
2.2474014 0.00080923856 0.23553063
1.9974828 0.25068183 0.23838607
2.2472151 0.25086659 0.23549936
2.7433922 0.0012042576 -0.021182799
3.2424763 0.0017077333 -0.028804445
2.9927022 0.2515405 -0.024882539
3.2422443 0.25179532 -0.028809287
2.9967147 0.0014731702 0.22522047
3.2465049 0.0017251115 0.22128375
2.9964806 0.2515229 0.22521201
3.2462596 0.25177274 0.22127965
1.9944646 0.75091125 -0.011643087
2.2437081 1.0012117 -0.014383662
2.2466749 1.0010634 0.23573866
2.7427702 0.75150822 -0.021085005
2.9922563 0.75173984 -0.024759052
2.7425674 1.0016165 -0.020950844
3.2415258 1.0020878 -0.028535441
2.995788 1.0016932 0.22548367
3.2455178 1.0019352 0.22156478
3.7408725 0.75255118 -0.037196674
3.9904143 0.75291156 -0.041864364
3.7405477 1.002656 -0.037020301
3.9947709 1.00285 0.20850514
4.2358548 1.0067665 0.19890941
1.7526805 0.00064598023 0.74103097
2.0030143 0.00079354722 0.73842686
2.2563498 0.0010052706 0.98541612
2.0055572 0.25072344 0.98826958
2.2561446 0.25088567 0.985388
2.7539344 0.0013451353 0.72891799
3.004214 0.0015629031 0.72522427
2.7574824 0.0013731591 0.97881241
3.2585204 0.001809266 0.97119225
3.0077584 0.25147816 0.97511827
3.2582496 0.25170913 0.97119345
3.7549699 0.0023268643 0.71274007
3.7595177 0.0023287963 0.96264044
4.0096209 0.25256652 0.9579579
2.7532653 0.75116429 0.72902953
3.0034971 0.75139037 0.72535078
2.7530398 1.0011113 0.72917021
3.0032568 1.0013396 0.72549292
2.75678 0.75105142 0.97893443
3.0072621 0.75127503 0.97526043
2.7565362 1.0009541 0.97907568
3.2574513 1.0014243 0.97148815
3.7541071 0.75215515 0.71289335
4.004292 0.75241768 0.70831249
3.7538474 1.0021074 0.71305933
4.0040301 1.0023434 0.70850323
3.7585765 0.75202021 0.96281555
4.0089764 0.75227278 0.95817367
3.7582908 1.0019322 0.96297872
4.2744488 0.99771227 0.94582463
1.4981816 0.00030310968 0.2433309
1.7453488 0.25049787 -0.0091362307
1.7479111 0.00045300118 0.24103008
1.747762 0.25051532 0.24098154
1.750295 0.00055046769 0.49107179
1.7501458 0.25054107 0.49101859
1.7525303 0.25056675 0.74097948
2.4936903 0.25107336 -0.017770457
2.4971623 0.0010140404 0.23235649
2.4969587 0.25106885 0.23233349
2.7431844 0.25129921 -0.021198898
2.7469335 0.0012356432 0.22891567
2.7467138 0.25128788 0.22890045
2.2440467 0.50097554 -0.014590892
1.9973207 0.50074405 0.23840106
2.2470347 0.50092615 0.23552058
2.2438746 0.75109327 -0.014514861
2.2468555 0.75099066 0.23559939
2.496761 0.50112569 0.23236069
2.7429772 0.50140089 -0.021168587
2.7464997 0.5013419 0.22893329
2.4933098 0.7512925 -0.017666204
2.4965642 0.75118729 0.23244318
2.746286 0.75140052 0.22901945
2.2503672 0.0008853658 0.48556916
2.0001639 0.25069967 0.48842166
2.2501812 0.25087671 0.48553356
2.2533346 0.00095975825 0.7355318
2.0028455 0.25071746 0.73838414
2.2531479 0.25088681 0.7354977
2.5001978 0.25107145 0.48236639
2.7504333 0.0012911296 0.4789514
2.7502135 0.25128314 0.47893221
2.5036413 0.0011438658 0.73235805
2.5034374 0.25107404 0.73233231
2.7537138 0.25127841 0.72890016
2.2499962 0.50087462 0.48555796
2.2498112 0.75087664 0.48563951
2.0026732 0.50064984 0.73840496
2.2529577 0.500822 0.73552451
2.2527663 0.75076196 0.73560933
2.7499948 0.50128105 0.47896789
2.4997932 0.75107125 0.48248172
2.7497758 0.75128273 0.47905649
2.5032301 0.50101202 0.73236485
2.75349 0.50121916 0.72893803
2.5030216 0.75095457 0.73245306
3.4918107 0.25205897 -0.03296724
3.4963037 0.0019877592 0.21712012
3.4960525 0.25203468 0.21711476
3.7413947 0.25231812 -0.037352307
3.7458612 0.25230056 0.21272867
3.2420086 0.50188927 -0.028768577
2.9962513 0.50157404 0.22525001
3.2460169 0.50182141 0.22132195
3.2417685 0.75198736 -0.028675811
2.996021 0.7516296 0.2253402
3.2457701 0.75187411 0.22141737
3.4957987 0.5020834 0.21715966
3.7411422 0.50243494 -0.037305995
3.7455987 0.50235879 0.21277389
3.4913075 0.75225324 -0.032822967
3.4955356 0.75213506 0.21726277
3.7453212 0.75241932 0.21288652
3.2504908 0.0017617366 0.47131716
3.0002282 0.25151111 0.47524287
3.2502411 0.25175474 0.47130965
3.2544803 0.0017968609 0.72128978
3.003977 0.25149924 0.72521341
3.2542261 0.2517362 0.72128381
3.5002513 0.25201356 0.46714273
3.7502609 0.252287 0.46275516
3.504733 0.0020483598 0.71712672
3.504459 0.2519904 0.7171211
3.7546722 0.25226838 0.71272832
3.2499924 0.50175253 0.47135393
2.999759 0.75151037 0.47537573
3.2497425 0.7517537 0.47145098
3.0037372 0.5014427 0.72525595
3.2539705 0.50168209 0.72132987
3.2537162 0.75163211 0.72142853
3.749988 0.50228535 0.46280187
3.4997264 0.75201262 0.4672932
3.7497125 0.75228687 0.46291558
3.5041875 0.50193719 0.71716912
3.7543852 0.50220925 0.71277868
3.5039207 0.75188838 0.7172733
3.9954042 0.50264321 0.20817892
3.995116 0.75274461 0.20830087
4.2367579 0.75483003 0.19714907
3.9997067 0.75257599 0.45835666
4.2494824 0.75320396 0.448061
4.0045846 0.502499 0.70817964
4.2620491 0.75160633 0.69720907
2.496366 1.0012569 0.23258358
2.7460705 1.001467 0.22916107
2.7495559 1.0012903 0.47920033
2.5028121 1.0008991 0.73259262
3.4952586 1.0021948 0.21741965
3.7450087 1.0024812 0.21306539
3.2494909 1.0017603 0.4715996
3.2534632 1.0015834 0.72157335
3.7494319 1.0022936 0.46309046
3.5036596 1.001841 0.71742434
4.2486939 1.003443 0.44983836
4.2613561 1.0001431 0.69884429
4.5187405 1.0006099 0.67939414
2.506707 0.25106599 0.98222748
2.7572448 0.2512637 0.97880018
2.2559456 0.50076682 0.98541722
2.2557458 0.75065378 0.98550489
2.7570127 0.50115489 0.97884039
2.5062746 0.75084401 0.98235328
3.5087217 0.25195797 0.96703542
3.7591807 0.25223245 0.96264439
3.2579846 0.50160882 0.9712425
3.2577214 0.75151346 0.97134307
3.7588737 0.50212443 0.96270035
3.5081588 0.75176403 0.96719297
4.2755533 0.75029032 0.94415627
