MFEM mesh v1.0

#
# MFEM Geometry Types (see fem/geom.hpp):
#
# POINT       = 0
# SEGMENT     = 1
# TRIANGLE    = 2
# SQUARE      = 3
# TETRAHEDRON = 4
# CUBE        = 5
# PRISM       = 6
#

dimension
3

elements
768
2 4 11 110 109 45
2 4 110 17 130 51
2 4 109 130 15 49
2 4 45 51 49 0
2 4 109 110 51 45
2 4 109 45 51 49
2 4 109 49 51 130
2 4 109 130 51 110
2 4 17 110 118 51
2 4 110 11 108 45
2 4 118 108 13 47
2 4 51 45 47 0
2 4 51 110 118 108
2 4 51 118 47 108
2 4 51 47 45 108
2 4 51 45 110 108
2 4 9 93 98 97
2 4 93 18 151 150
2 4 98 151 40 217
2 4 97 150 217 38
2 4 97 93 98 151
2 4 97 98 217 151
2 4 97 217 150 151
2 4 97 150 93 151
2 4 18 52 135 131
2 4 52 0 50 49
2 4 135 50 16 129
2 4 131 49 129 15
2 4 131 52 135 50
2 4 131 135 129 50
2 4 131 129 49 50
2 4 131 49 52 50
2 4 40 140 87 214
2 4 140 16 83 138
2 4 87 83 7 85
2 4 214 138 85 36
2 4 214 140 87 83
2 4 214 87 85 83
2 4 214 85 138 83
2 4 214 138 140 83
2 4 38 134 213 82
2 4 134 15 132 79
2 4 213 132 36 80
2 4 82 79 80 6
2 4 82 134 213 132
2 4 82 213 80 132
2 4 82 80 79 132
2 4 82 79 134 132
2 4 38 150 217 139
2 4 150 18 151 135
2 4 217 151 40 140
2 4 139 135 140 16
2 4 139 150 217 151
2 4 139 217 140 151
2 4 139 140 135 151
2 4 139 135 150 151
2 4 38 217 213 139
2 4 217 40 214 140
2 4 213 214 36 138
2 4 139 140 138 16
2 4 139 217 213 214
2 4 139 213 138 214
2 4 139 138 140 214
2 4 139 140 217 214
2 4 38 213 134 139
2 4 213 36 132 138
2 4 134 132 15 129
2 4 139 138 129 16
2 4 139 213 134 132
2 4 139 134 129 132
2 4 139 129 138 132
2 4 139 138 213 132
2 4 38 134 150 139
2 4 134 15 131 129
2 4 150 131 18 135
2 4 139 129 135 16
2 4 139 134 150 131
2 4 139 150 135 131
2 4 139 135 129 131
2 4 139 129 134 131
2 4 0 52 50 46
2 4 52 18 135 113
2 4 50 135 16 112
2 4 46 113 112 12
2 4 50 52 113 46
2 4 50 46 113 112
2 4 50 112 113 135
2 4 50 135 113 52
2 4 18 93 151 147
2 4 93 9 98 94
2 4 151 98 40 186
2 4 147 94 186 24
2 4 151 93 94 147
2 4 151 147 94 186
2 4 151 186 94 98
2 4 151 98 94 93
2 4 16 140 83 136
2 4 140 40 87 175
2 4 83 87 7 84
2 4 136 175 84 22
2 4 83 140 175 136
2 4 83 136 175 84
2 4 83 84 175 87
2 4 83 87 175 140
2 4 12 116 115 53
2 4 116 24 172 59
2 4 115 172 22 57
2 4 53 59 57 1
2 4 115 116 59 53
2 4 115 53 59 57
2 4 115 57 59 172
2 4 115 172 59 116
2 4 16 135 137 112
2 4 135 18 147 113
2 4 137 147 24 116
2 4 112 113 116 12
2 4 137 135 113 112
2 4 137 112 113 116
2 4 137 116 113 147
2 4 137 147 113 135
2 4 16 112 137 136
2 4 112 12 116 115
2 4 137 116 24 172
2 4 136 115 172 22
2 4 137 112 115 136
2 4 137 136 115 172
2 4 137 172 115 116
2 4 137 116 115 112
2 4 16 136 137 140
2 4 136 22 172 175
2 4 137 172 24 186
2 4 140 175 186 40
2 4 137 136 175 140
2 4 137 140 175 186
2 4 137 186 175 172
2 4 137 172 175 136
2 4 16 140 137 135
2 4 140 40 186 151
2 4 137 186 24 147
2 4 135 151 147 18
2 4 137 140 151 135
2 4 137 135 151 147
2 4 137 147 151 186
2 4 137 186 151 140
2 4 9 93 96 94
2 4 93 18 149 147
2 4 96 149 33 184
2 4 94 147 184 24
2 4 94 93 96 149
2 4 94 96 184 149
2 4 94 184 147 149
2 4 94 147 93 149
2 4 18 52 123 113
2 4 52 0 48 46
2 4 123 48 14 111
2 4 113 46 111 12
2 4 113 52 123 48
2 4 113 123 111 48
2 4 113 111 46 48
2 4 113 46 52 48
2 4 33 128 73 163
2 4 128 14 69 124
2 4 73 69 4 70
2 4 163 124 70 20
2 4 163 128 73 69
2 4 163 73 70 69
2 4 163 70 124 69
2 4 163 124 128 69
2 4 24 116 160 59
2 4 116 12 114 53
2 4 160 114 20 55
2 4 59 53 55 1
2 4 59 116 160 114
2 4 59 160 55 114
2 4 59 55 53 114
2 4 59 53 116 114
2 4 24 147 184 125
2 4 147 18 149 123
2 4 184 149 33 128
2 4 125 123 128 14
2 4 125 147 184 149
2 4 125 184 128 149
2 4 125 128 123 149
2 4 125 123 147 149
2 4 24 184 160 125
2 4 184 33 163 128
2 4 160 163 20 124
2 4 125 128 124 14
2 4 125 184 160 163
2 4 125 160 124 163
2 4 125 124 128 163
2 4 125 128 184 163
2 4 24 160 116 125
2 4 160 20 114 124
2 4 116 114 12 111
2 4 125 124 111 14
2 4 125 160 116 114
2 4 125 116 111 114
2 4 125 111 124 114
2 4 125 124 160 114
2 4 24 116 147 125
2 4 116 12 113 111
2 4 147 113 18 123
2 4 125 111 123 14
2 4 125 116 147 113
2 4 125 147 123 113
2 4 125 123 111 113
2 4 125 111 116 113
2 4 9 93 97 99
2 4 93 18 150 152
2 4 97 150 38 218
2 4 99 152 218 43
2 4 97 93 152 99
2 4 97 99 152 218
2 4 97 218 152 150
2 4 97 150 152 93
2 4 18 52 131 141
2 4 52 0 49 51
2 4 131 49 15 130
2 4 141 51 130 17
2 4 131 52 51 141
2 4 131 141 51 130
2 4 131 130 51 49
2 4 131 49 51 52
2 4 38 134 82 215
2 4 134 15 79 133
2 4 82 79 6 81
2 4 215 133 81 37
2 4 82 134 133 215
2 4 82 215 133 81
2 4 82 81 133 79
2 4 82 79 133 134
2 4 38 150 145 218
2 4 150 18 141 152
2 4 145 141 17 146
2 4 218 152 146 43
2 4 145 150 152 218
2 4 145 218 152 146
2 4 145 146 152 141
2 4 145 141 152 150
2 4 38 218 145 215
2 4 218 43 146 216
2 4 145 146 17 144
2 4 215 216 144 37
2 4 145 218 216 215
2 4 145 215 216 144
2 4 145 144 216 146
2 4 145 146 216 218
2 4 38 215 145 134
2 4 215 37 144 133
2 4 145 144 17 130
2 4 134 133 130 15
2 4 145 215 133 134
2 4 145 134 133 130
2 4 145 130 133 144
2 4 145 144 133 215
2 4 38 134 145 150
2 4 134 15 130 131
2 4 145 130 17 141
2 4 150 131 141 18
2 4 145 134 131 150
2 4 145 150 131 141
2 4 145 141 131 130
2 4 145 130 131 134
2 4 0 52 47 51
2 4 52 18 119 141
2 4 47 119 13 118
2 4 51 141 118 17
2 4 51 52 47 119
2 4 51 47 118 119
2 4 51 118 141 119
2 4 51 141 52 119
2 4 18 93 148 152
2 4 93 9 95 99
2 4 148 95 31 206
2 4 152 99 206 43
2 4 152 93 148 95
2 4 152 148 206 95
2 4 152 206 99 95
2 4 152 99 93 95
2 4 13 122 65 121
2 4 122 31 68 203
2 4 65 68 3 67
2 4 121 203 67 30
2 4 121 122 65 68
2 4 121 65 67 68
2 4 121 67 203 68
2 4 121 203 122 68
2 4 17 141 118 143
2 4 141 18 119 148
2 4 118 119 13 122
2 4 143 148 122 31
2 4 143 141 118 119
2 4 143 118 122 119
2 4 143 122 148 119
2 4 143 148 141 119
2 4 17 118 142 143
2 4 118 13 121 122
2 4 142 121 30 203
2 4 143 122 203 31
2 4 143 118 142 121
2 4 143 142 203 121
2 4 143 203 122 121
2 4 143 122 118 121
2 4 17 142 146 143
2 4 142 30 204 203
2 4 146 204 43 206
2 4 143 203 206 31
2 4 143 142 146 204
2 4 143 146 206 204
2 4 143 206 203 204
2 4 143 203 142 204
2 4 17 146 141 143
2 4 146 43 152 206
2 4 141 152 18 148
2 4 143 206 148 31
2 4 143 146 141 152
2 4 143 141 148 152
2 4 143 148 206 152
2 4 143 206 146 152
2 4 9 93 95 96
2 4 93 18 148 149
2 4 95 148 31 205
2 4 96 149 205 33
2 4 95 93 149 96
2 4 95 96 149 205
2 4 95 205 149 148
2 4 95 148 149 93
2 4 18 52 119 123
2 4 52 0 47 48
2 4 119 47 13 117
2 4 123 48 117 14
2 4 119 52 48 123
2 4 119 123 48 117
2 4 119 117 48 47
2 4 119 47 48 52
2 4 31 122 68 201
2 4 122 13 65 120
2 4 68 65 3 66
2 4 201 120 66 29
2 4 68 122 120 201
2 4 68 201 120 66
2 4 68 66 120 65
2 4 68 65 120 122
2 4 33 128 202 73
2 4 128 14 126 69
2 4 202 126 29 71
2 4 73 69 71 4
2 4 202 128 69 73
2 4 202 73 69 71
2 4 202 71 69 126
2 4 202 126 69 128
2 4 31 148 127 205
2 4 148 18 123 149
2 4 127 123 14 128
2 4 205 149 128 33
2 4 127 148 149 205
2 4 127 205 149 128
2 4 127 128 149 123
2 4 127 123 149 148
2 4 31 205 127 201
2 4 205 33 128 202
2 4 127 128 14 126
2 4 201 202 126 29
2 4 127 205 202 201
2 4 127 201 202 126
2 4 127 126 202 128
2 4 127 128 202 205
2 4 31 201 127 122
2 4 201 29 126 120
2 4 127 126 14 117
2 4 122 120 117 13
2 4 127 201 120 122
2 4 127 122 120 117
2 4 127 117 120 126
2 4 127 126 120 201
2 4 31 122 127 148
2 4 122 13 117 119
2 4 127 117 14 123
2 4 148 119 123 18
2 4 127 122 119 148
2 4 127 148 119 123
2 4 127 123 119 117
2 4 127 117 119 122
2 4 10 101 106 105
2 4 101 25 193 192
2 4 106 193 42 223
2 4 105 192 223 41
2 4 105 101 106 193
2 4 105 106 223 193
2 4 105 223 192 193
2 4 105 192 101 193
2 4 25 60 177 173
2 4 60 1 58 57
2 4 177 58 23 171
2 4 173 57 171 22
2 4 173 60 177 58
2 4 173 177 171 58
2 4 173 171 57 58
2 4 173 57 60 58
2 4 42 182 92 220
2 4 182 23 89 180
2 4 92 89 8 91
2 4 220 180 91 39
2 4 220 182 92 89
2 4 220 92 91 89
2 4 220 91 180 89
2 4 220 180 182 89
2 4 41 176 219 88
2 4 176 22 174 84
2 4 219 174 39 86
2 4 88 84 86 7
2 4 88 176 219 174
2 4 88 219 86 174
2 4 88 86 84 174
2 4 88 84 176 174
2 4 41 192 223 181
2 4 192 25 193 177
2 4 223 193 42 182
2 4 181 177 182 23
2 4 181 192 223 193
2 4 181 223 182 193
2 4 181 182 177 193
2 4 181 177 192 193
2 4 41 223 219 181
2 4 223 42 220 182
2 4 219 220 39 180
2 4 181 182 180 23
2 4 181 223 219 220
2 4 181 219 180 220
2 4 181 180 182 220
2 4 181 182 223 220
2 4 41 219 176 181
2 4 219 39 174 180
2 4 176 174 22 171
2 4 181 180 171 23
2 4 181 219 176 174
2 4 181 176 171 174
2 4 181 171 180 174
2 4 181 180 219 174
2 4 41 176 192 181
2 4 176 22 173 171
2 4 192 173 25 177
2 4 181 171 177 23
2 4 181 176 192 173
2 4 181 192 177 173
2 4 181 177 171 173
2 4 181 171 176 173
2 4 1 60 58 54
2 4 60 25 177 155
2 4 58 177 23 154
2 4 54 155 154 19
2 4 58 60 155 54
2 4 58 54 155 154
2 4 58 154 155 177
2 4 58 177 155 60
2 4 25 101 193 189
2 4 101 10 106 102
2 4 193 106 42 200
2 4 189 102 200 28
2 4 193 101 102 189
2 4 193 189 102 200
2 4 193 200 102 106
2 4 193 106 102 101
2 4 23 182 89 178
2 4 182 42 92 198
2 4 89 92 8 90
2 4 178 198 90 27
2 4 89 182 198 178
2 4 89 178 198 90
2 4 89 90 198 92
2 4 89 92 198 182
2 4 19 158 157 61
2 4 158 28 197 64
2 4 157 197 27 63
2 4 61 64 63 2
2 4 157 158 64 61
2 4 157 61 64 63
2 4 157 63 64 197
2 4 157 197 64 158
2 4 23 177 179 154
2 4 177 25 189 155
2 4 179 189 28 158
2 4 154 155 158 19
2 4 179 177 155 154
2 4 179 154 155 158
2 4 179 158 155 189
2 4 179 189 155 177
2 4 23 154 179 178
2 4 154 19 158 157
2 4 179 158 28 197
2 4 178 157 197 27
2 4 179 154 157 178
2 4 179 178 157 197
2 4 179 197 157 158
2 4 179 158 157 154
2 4 23 178 179 182
2 4 178 27 197 198
2 4 179 197 28 200
2 4 182 198 200 42
2 4 179 178 198 182
2 4 179 182 198 200
2 4 179 200 198 197
2 4 179 197 198 178
2 4 23 182 179 177
2 4 182 42 200 193
2 4 179 200 28 189
2 4 177 193 189 25
2 4 179 182 193 177
2 4 179 177 193 189
2 4 179 189 193 200
2 4 179 200 193 182
2 4 10 101 104 102
2 4 101 25 191 189
2 4 104 191 35 199
2 4 102 189 199 28
2 4 102 101 104 191
2 4 102 104 199 191
2 4 102 199 189 191
2 4 102 189 101 191
2 4 25 60 165 155
2 4 60 1 56 54
2 4 165 56 21 153
2 4 155 54 153 19
2 4 155 60 165 56
2 4 155 165 153 56
2 4 155 153 54 56
2 4 155 54 60 56
2 4 35 170 78 196
2 4 170 21 75 166
2 4 78 75 5 76
2 4 196 166 76 26
2 4 196 170 78 75
2 4 196 78 76 75
2 4 196 76 166 75
2 4 196 166 170 75
2 4 28 158 195 64
2 4 158 19 156 61
2 4 195 156 26 62
2 4 64 61 62 2
2 4 64 158 195 156
2 4 64 195 62 156
2 4 64 62 61 156
2 4 64 61 158 156
2 4 28 189 199 167
2 4 189 25 191 165
2 4 199 191 35 170
2 4 167 165 170 21
2 4 167 189 199 191
2 4 167 199 170 191
2 4 167 170 165 191
2 4 167 165 189 191
2 4 28 199 195 167
2 4 199 35 196 170
2 4 195 196 26 166
2 4 167 170 166 21
2 4 167 199 195 196
2 4 167 195 166 196
2 4 167 166 170 196
2 4 167 170 199 196
2 4 28 195 158 167
2 4 195 26 156 166
2 4 158 156 19 153
2 4 167 166 153 21
2 4 167 195 158 156
2 4 167 158 153 156
2 4 167 153 166 156
2 4 167 166 195 156
2 4 28 158 189 167
2 4 158 19 155 153
2 4 189 155 25 165
2 4 167 153 165 21
2 4 167 158 189 155
2 4 167 189 165 155
2 4 167 165 153 155
2 4 167 153 158 155
2 4 10 101 105 107
2 4 101 25 192 194
2 4 105 192 41 224
2 4 107 194 224 44
2 4 105 101 194 107
2 4 105 107 194 224
2 4 105 224 194 192
2 4 105 192 194 101
2 4 25 60 173 183
2 4 60 1 57 59
2 4 173 57 22 172
2 4 183 59 172 24
2 4 173 60 59 183
2 4 173 183 59 172
2 4 173 172 59 57
2 4 173 57 59 60
2 4 41 176 88 221
2 4 176 22 84 175
2 4 88 84 7 87
2 4 221 175 87 40
2 4 88 176 175 221
2 4 88 221 175 87
2 4 88 87 175 84
2 4 88 84 175 176
2 4 44 188 222 100
2 4 188 24 186 94
2 4 222 186 40 98
2 4 100 94 98 9
2 4 222 188 94 100
2 4 222 100 94 98
2 4 222 98 94 186
2 4 222 186 94 188
2 4 41 192 187 224
2 4 192 25 183 194
2 4 187 183 24 188
2 4 224 194 188 44
2 4 187 192 194 224
2 4 187 224 194 188
2 4 187 188 194 183
2 4 187 183 194 192
2 4 41 224 187 221
2 4 224 44 188 222
2 4 187 188 24 186
2 4 221 222 186 40
2 4 187 224 222 221
2 4 187 221 222 186
2 4 187 186 222 188
2 4 187 188 222 224
2 4 41 221 187 176
2 4 221 40 186 175
2 4 187 186 24 172
2 4 176 175 172 22
2 4 187 221 175 176
2 4 187 176 175 172
2 4 187 172 175 186
2 4 187 186 175 221
2 4 41 176 187 192
2 4 176 22 172 173
2 4 187 172 24 183
2 4 192 173 183 25
2 4 187 176 173 192
2 4 187 192 173 183
2 4 187 183 173 172
2 4 187 172 173 176
2 4 1 60 55 59
2 4 60 25 161 183
2 4 55 161 20 160
2 4 59 183 160 24
2 4 59 60 55 161
2 4 59 55 160 161
2 4 59 160 183 161
2 4 59 183 60 161
2 4 25 101 190 194
2 4 101 10 103 107
2 4 190 103 34 212
2 4 194 107 212 44
2 4 194 101 190 103
2 4 194 190 212 103
2 4 194 212 107 103
2 4 194 107 101 103
2 4 20 164 70 163
2 4 164 34 74 209
2 4 70 74 4 73
2 4 163 209 73 33
2 4 163 164 70 74
2 4 163 70 73 74
2 4 163 73 209 74
2 4 163 209 164 74
2 4 24 188 184 94
2 4 188 44 210 100
2 4 184 210 33 96
2 4 94 100 96 9
2 4 94 188 184 210
2 4 94 184 96 210
2 4 94 96 100 210
2 4 94 100 188 210
2 4 24 183 160 185
2 4 183 25 161 190
2 4 160 161 20 164
2 4 185 190 164 34
2 4 185 183 160 161
2 4 185 160 164 161
2 4 185 164 190 161
2 4 185 190 183 161
2 4 24 160 184 185
2 4 160 20 163 164
2 4 184 163 33 209
2 4 185 164 209 34
2 4 185 160 184 163
2 4 185 184 209 163
2 4 185 209 164 163
2 4 185 164 160 163
2 4 24 184 188 185
2 4 184 33 210 209
2 4 188 210 44 212
2 4 185 209 212 34
2 4 185 184 188 210
2 4 185 188 212 210
2 4 185 212 209 210
2 4 185 209 184 210
2 4 24 188 183 185
2 4 188 44 194 212
2 4 183 194 25 190
2 4 185 212 190 34
2 4 185 188 183 194
2 4 185 183 190 194
2 4 185 190 212 194
2 4 185 212 188 194
2 4 10 101 103 104
2 4 101 25 190 191
2 4 103 190 34 211
2 4 104 191 211 35
2 4 103 101 191 104
2 4 103 104 191 211
2 4 103 211 191 190
2 4 103 190 191 101
2 4 25 60 161 165
2 4 60 1 55 56
2 4 161 55 20 159
2 4 165 56 159 21
2 4 161 60 56 165
2 4 161 165 56 159
2 4 161 159 56 55
2 4 161 55 56 60
2 4 34 164 74 207
2 4 164 20 70 162
2 4 74 70 4 72
2 4 207 162 72 32
2 4 74 164 162 207
2 4 74 207 162 72
2 4 74 72 162 70
2 4 74 70 162 164
2 4 35 170 208 78
2 4 170 21 168 75
2 4 208 168 32 77
2 4 78 75 77 5
2 4 208 170 75 78
2 4 208 78 75 77
2 4 208 77 75 168
2 4 208 168 75 170
2 4 34 190 169 211
2 4 190 25 165 191
2 4 169 165 21 170
2 4 211 191 170 35
2 4 169 190 191 211
2 4 169 211 191 170
2 4 169 170 191 165
2 4 169 165 191 190
2 4 34 211 169 207
2 4 211 35 170 208
2 4 169 170 21 168
2 4 207 208 168 32
2 4 169 211 208 207
2 4 169 207 208 168
2 4 169 168 208 170
2 4 169 170 208 211
2 4 34 207 169 164
2 4 207 32 168 162
2 4 169 168 21 159
2 4 164 162 159 20
2 4 169 207 162 164
2 4 169 164 162 159
2 4 169 159 162 168
2 4 169 168 162 207
2 4 34 164 169 190
2 4 164 20 159 161
2 4 169 159 21 165
2 4 190 161 165 25
2 4 169 164 161 190
2 4 169 190 161 165
2 4 169 165 161 159
2 4 169 159 161 164

boundary
320
3 2 15 109 49
3 2 45 49 109
3 2 109 11 45
3 2 49 45 0
3 2 11 108 45
3 2 47 45 108
3 2 108 13 47
3 2 45 47 0
3 2 9 97 98
3 2 217 98 97
3 2 97 38 217
3 2 98 217 40
3 2 36 214 213
3 2 217 213 214
3 2 214 40 217
3 2 213 217 38
3 2 38 82 213
3 2 80 213 82
3 2 82 6 80
3 2 213 80 36
3 2 40 214 87
3 2 85 87 214
3 2 214 36 85
3 2 87 85 7
3 2 0 50 49
3 2 129 49 50
3 2 50 16 129
3 2 49 129 15
3 2 36 132 138
3 2 129 138 132
3 2 132 15 129
3 2 138 129 16
3 2 16 83 138
3 2 85 138 83
3 2 83 7 85
3 2 138 85 36
3 2 15 132 79
3 2 80 79 132
3 2 132 36 80
3 2 79 80 6
3 2 7 83 84
3 2 136 84 83
3 2 83 16 136
3 2 84 136 22
3 2 12 115 112
3 2 136 112 115
3 2 115 22 136
3 2 112 136 16
3 2 16 50 112
3 2 46 112 50
3 2 50 0 46
3 2 112 46 12
3 2 22 115 57
3 2 53 57 115
3 2 115 12 53
3 2 57 53 1
3 2 0 48 46
3 2 111 46 48
3 2 48 14 111
3 2 46 111 12
3 2 20 114 124
3 2 111 124 114
3 2 114 12 111
3 2 124 111 14
3 2 14 69 124
3 2 70 124 69
3 2 69 4 70
3 2 124 70 20
3 2 12 114 53
3 2 55 53 114
3 2 114 20 55
3 2 53 55 1
3 2 6 82 81
3 2 215 81 82
3 2 82 38 215
3 2 81 215 37
3 2 43 216 218
3 2 215 218 216
3 2 216 37 215
3 2 218 215 38
3 2 38 97 218
3 2 99 218 97
3 2 97 9 99
3 2 218 99 43
3 2 9 95 99
3 2 206 99 95
3 2 95 31 206
3 2 99 206 43
3 2 30 204 203
3 2 206 203 204
3 2 204 43 206
3 2 203 206 31
3 2 31 68 203
3 2 67 203 68
3 2 68 3 67
3 2 203 67 30
3 2 3 68 66
3 2 201 66 68
3 2 68 31 201
3 2 66 201 29
3 2 33 202 205
3 2 201 205 202
3 2 202 29 201
3 2 205 201 31
3 2 31 95 205
3 2 96 205 95
3 2 95 9 96
3 2 205 96 33
3 2 29 202 71
3 2 73 71 202
3 2 202 33 73
3 2 71 73 4
3 2 4 69 71
3 2 126 71 69
3 2 69 14 126
3 2 71 126 29
3 2 13 120 117
3 2 126 117 120
3 2 120 29 126
3 2 117 126 14
3 2 14 48 117
3 2 47 117 48
3 2 48 0 47
3 2 117 47 13
3 2 29 120 66
3 2 65 66 120
3 2 120 13 65
3 2 66 65 3
3 2 10 105 106
3 2 223 106 105
3 2 105 41 223
3 2 106 223 42
3 2 39 220 219
3 2 223 219 220
3 2 220 42 223
3 2 219 223 41
3 2 41 88 219
3 2 86 219 88
3 2 88 7 86
3 2 219 86 39
3 2 42 220 92
3 2 91 92 220
3 2 220 39 91
3 2 92 91 8
3 2 1 58 57
3 2 171 57 58
3 2 58 23 171
3 2 57 171 22
3 2 39 174 180
3 2 171 180 174
3 2 174 22 171
3 2 180 171 23
3 2 23 89 180
3 2 91 180 89
3 2 89 8 91
3 2 180 91 39
3 2 22 174 84
3 2 86 84 174
3 2 174 39 86
3 2 84 86 7
2 2 2 64 63
2 2 197 63 64
2 2 64 28 197
2 2 63 197 27
2 2 42 198 200
2 2 197 200 198
2 2 198 27 197
2 2 200 197 28
2 2 28 102 200
2 2 106 200 102
2 2 102 10 106
2 2 200 106 42
2 2 27 198 90
2 2 92 90 198
2 2 198 42 92
2 2 90 92 8
3 2 8 89 90
3 2 178 90 89
3 2 89 23 178
3 2 90 178 27
3 2 19 157 154
3 2 178 154 157
3 2 157 27 178
3 2 154 178 23
3 2 23 58 154
3 2 54 154 58
3 2 58 1 54
3 2 154 54 19
3 2 27 157 63
3 2 61 63 157
3 2 157 19 61
3 2 63 61 2
2 2 10 102 104
2 2 199 104 102
2 2 102 28 199
2 2 104 199 35
2 2 26 196 195
2 2 199 195 196
2 2 196 35 199
2 2 195 199 28
2 2 28 64 195
2 2 62 195 64
2 2 64 2 62
2 2 195 62 26
2 2 35 196 78
2 2 76 78 196
2 2 196 26 76
2 2 78 76 5
3 2 1 56 54
3 2 153 54 56
3 2 56 21 153
3 2 54 153 19
3 2 26 156 166
3 2 153 166 156
3 2 156 19 153
3 2 166 153 21
3 2 21 75 166
3 2 76 166 75
3 2 75 5 76
3 2 166 76 26
3 2 19 156 61
3 2 62 61 156
3 2 156 26 62
3 2 61 62 2
3 2 7 88 87
3 2 221 87 88
3 2 88 41 221
3 2 87 221 40
3 2 44 222 224
3 2 221 224 222
3 2 222 40 221
3 2 224 221 41
3 2 41 105 224
3 2 107 224 105
3 2 105 10 107
3 2 224 107 44
3 2 40 222 98
3 2 100 98 222
3 2 222 44 100
3 2 98 100 9
3 2 10 103 107
3 2 212 107 103
3 2 103 34 212
3 2 107 212 44
3 2 33 210 209
3 2 212 209 210
3 2 210 44 212
3 2 209 212 34
3 2 34 74 209
3 2 73 209 74
3 2 74 4 73
3 2 209 73 33
3 2 44 210 100
3 2 96 100 210
3 2 210 33 96
3 2 100 96 9
3 2 4 74 72
3 2 207 72 74
3 2 74 34 207
3 2 72 207 32
3 2 35 208 211
3 2 207 211 208
3 2 208 32 207
3 2 211 207 34
3 2 34 103 211
3 2 104 211 103
3 2 103 10 104
3 2 211 104 35
3 2 32 208 77
3 2 78 77 208
3 2 208 35 78
3 2 77 78 5
3 2 5 75 77
3 2 168 77 75
3 2 75 21 168
3 2 77 168 32
3 2 20 162 159
3 2 168 159 162
3 2 162 32 168
3 2 159 168 21
3 2 21 56 159
3 2 55 159 56
3 2 56 1 55
3 2 159 55 20
3 2 32 162 72
3 2 70 72 162
3 2 162 20 70
3 2 72 70 4
7 2 133 81 37
7 2 11 109 110
7 2 133 130 15
7 2 121 30 67
7 2 17 118 110
7 2 17 142 118
7 2 43 146 216
7 2 17 146 142
7 2 81 133 79
7 2 79 6 81
7 2 15 79 133
7 2 109 130 110
7 2 109 15 130
7 2 110 130 17
7 2 130 133 144
7 2 144 17 130
7 2 37 144 133
7 2 121 67 65
7 2 13 121 65
7 2 65 67 3
7 2 110 118 108
7 2 118 13 108
7 2 110 108 11
7 2 118 142 121
7 2 118 121 13
7 2 142 30 121
7 2 144 216 146
7 2 216 144 37
7 2 146 17 144
7 2 142 146 204
7 2 142 204 30
7 2 146 43 204

vertices
225

nodes
FiniteElementSpace
FiniteElementCollection: H1_3D_P1
VDim: 3
Ordering: 1

5.8826888 0.019195237 -0.35590466
6.85555 0.039218877 -0.64767286
7.8466939 0.061131272 -0.97813123
5.8679389 1.0269577 -0.35176975
6.8365117 1.0430376 -0.64236834
7.8252296 1.0617916 -0.97237317
6.1327435 0.022733541 0.64430979
7.1632902 0.037812948 0.3527044
8.173208 0.055863934 0.022173802
7.1431741 1.0336943 0.35829884
8.1527515 1.0552003 0.0281551
5.4030703 0.010751054 -0.23662147
6.3668403 0.028791 -0.49454328
5.8751089 0.52288666 -0.35571982
6.3580365 0.53153783 -0.49354274
6.0074916 0.020969666 0.1467774
6.5084928 0.029266085 0.0075233322
5.9997712 0.5207794 0.14699872
6.4996976 0.5291216 0.0085458495
7.3488642 0.05014257 -0.81040383
6.845824 0.54102237 -0.64594178
7.3384844 0.55103666 -0.80807408
7.0091809 0.038484671 -0.14621963
7.5095261 0.048316346 -0.3095892
6.9996203 0.53838505 -0.14448086
7.499525 0.54826756 -0.30725049
7.8358241 0.56132005 -0.97555967
8.0096641 0.058469029 -0.47724053
7.9994825 0.55844717 -0.47474633
6.3496488 1.034579 -0.48974272
5.9920493 1.0209557 0.15129268
6.4909031 1.0292521 0.012628267
7.3284739 1.0520567 -0.80476822
6.9900591 1.0384686 -0.14068643
7.4895099 1.0483048 -0.30378291
7.9892964 1.0584646 -0.47155058
6.6505973 0.02976746 0.50574783
6.1244355 0.51855224 0.64468022
6.6413607 0.52661592 0.50685696
7.6708482 0.046580295 0.19003584
7.1534363 0.53568619 0.35446511
7.6606962 0.54544766 0.19233096
8.1631978 0.55555617 0.02482466
6.6317103 1.0236859 0.51099524
7.6501538 1.0443687 0.19581067
5.6423153 0.014808521 -0.29353886
6.1241962 0.023869323 -0.42310883
5.8787882 0.27096888 -0.35624478
6.119963 0.27541473 -0.4231849
5.9458903 0.019828073 -0.10397306
6.1918972 0.024200045 -0.17140684
5.9418851 0.27081684 -0.1042917
6.1875957 0.27506389 -0.17146328
6.6106236 0.033920914 -0.56960069
7.1016268 0.044642072 -0.72814718
6.8505503 0.29007855 -0.64702128
7.0964427 0.29527583 -0.72728158
6.933102 0.038709814 -0.39666208
7.181237 0.043881715 -0.47737249
6.9281447 0.2891968 -0.39599556
7.1761373 0.29424357 -0.47649167
7.5972552 0.055665599 -0.89384929
7.8410097 0.31115591 -0.97685967
7.9289128 0.059838296 -0.7275391
7.9235133 0.30983301 -0.72638545
5.8714787 0.77491824 -0.35420497
6.1081489 1.030645 -0.41862061
5.9306601 1.0242291 -0.099533698
6.1754767 1.0280473 -0.16664333
6.5968537 0.78745657 -0.56665273
6.8411489 0.79202786 -0.64437136
6.5924374 1.0387222 -0.56452811
7.0818642 1.0474911 -0.72265268
6.9140179 1.0408944 -0.39116663
7.1615548 1.0455158 -0.47171087
7.5815233 0.80646107 -0.8898093
7.8307034 0.81159077 -0.97407925
7.5762815 1.0567405 -0.88812698
7.9080874 1.0601036 -0.72195296
6.0691778 0.022093838 0.39621239
6.3923154 0.026105404 0.57714285
6.1285291 0.2706352 0.64397775
6.3878565 0.27426518 0.5770613
6.832341 0.033876161 0.18185863
7.0853563 0.038261617 0.10357178
6.9075886 0.033682301 0.43073236
7.4177063 0.042123392 0.27227136
7.1583278 0.28674604 0.35331004
7.4126557 0.2913113 0.27307937
7.8401946 0.052252915 -0.1433245
8.0904587 0.057104782 -0.22761626
7.9227309 0.051157379 0.10657386
8.1682678 0.30575472 0.023422668
6.8184853 0.78170855 0.18494626
7.0710205 0.78652059 0.10697541
6.8136473 1.0310675 0.18723028
7.0660206 1.0360033 0.10912596
6.8932022 0.77978587 0.43388916
7.1484942 0.78466878 0.35614901
6.8880072 1.0285849 0.43617419
7.3972187 1.0389716 0.2779765
7.8251824 0.80176519 -0.1392045
8.0754806 0.80692106 -0.2233527
7.8199948 1.05162 -0.13743064
8.0703371 1.0568677 -0.22159497
7.9074103 0.80013672 0.11063275
8.1580512 0.80534966 0.026412262
7.9019977 1.0498212 0.11238463
5.6387887 0.26680948 -0.29415209
5.700412 0.015753104 -0.041377795
5.6967438 0.266866 -0.041967511
6.3623139 0.28010775 -0.49436542
6.4384341 0.028830102 -0.24307099
6.4338755 0.27956856 -0.24287528
6.6058422 0.28500889 -0.56917976
6.6855019 0.033679596 -0.3183584
6.6807248 0.28429236 -0.31792133
6.1159655 0.52708878 -0.4225061
5.9380962 0.52184762 -0.10371348
6.1835061 0.52596451 -0.17073781
6.1120182 0.77886371 -0.42096255
5.9343731 0.77296761 -0.10214387
6.1794833 0.77694389 -0.16914509
6.4295235 0.53033889 -0.24201231
6.6013224 0.53619524 -0.56822333
6.6761486 0.53493229 -0.31693083
6.35381 0.78305585 -0.49198083
6.4252388 0.78117759 -0.2404067
6.6716392 0.78563032 -0.31532179
6.2580306 0.0249834 0.079265117
6.0036056 0.27081499 0.14636711
6.2538564 0.27484734 0.07912524
6.3242497 0.025754183 0.32878696
6.0653595 0.27082265 0.39581138
6.3201511 0.27464111 0.32865172
6.5040688 0.27914841 0.0076437636
6.758877 0.03377932 -0.067840621
6.7542418 0.28367989 -0.067470811
6.578638 0.029694326 0.2571331
6.5742969 0.2787394 0.25725355
6.8277959 0.28307928 0.18222365
6.2497345 0.52481622 0.079896959
5.9959366 0.77081514 0.14862141
6.2456125 0.77484757 0.081537191
6.0614463 0.51969212 0.39647877
6.3159633 0.52365131 0.3294536
6.3117085 0.77273026 0.33114512
6.7496599 0.53365724 -0.066448519
6.4953265 0.77914839 0.010193374
6.745078 0.78367932 -0.064803256
6.5698726 0.52789005 0.25818003
6.823174 0.53237003 0.18326427
6.5653813 0.77709896 0.25987169
7.3435212 0.30055702 -0.80935116
7.4299164 0.049156331 -0.55986822
7.424708 0.29939429 -0.55879839
7.5917561 0.30587173 -0.89265543
7.67916 0.054496458 -0.64349214
7.6738596 0.30460751 -0.64229248
7.091544 0.54598109 -0.72609232
6.9233819 0.53970643 -0.39488807
7.1712257 0.54462398 -0.47527988
7.0866948 0.79673301 -0.72452993
6.9186842 0.79026386 -0.39328398
7.1663747 0.79504109 -0.47368748
7.4196859 0.5496504 -0.55750318
7.5866232 0.55616256 -0.8913323
7.6687643 0.55475506 -0.64095713
7.3334896 0.80154216 -0.80652709
7.4147156 0.79992926 -0.55592783
7.6637134 0.80491293 -0.6394101
7.2593997 0.04334338 -0.22700634
7.0043736 0.2884036 -0.14561254
7.2544608 0.29328158 -0.22617653
7.3376791 0.042812335 0.022880699
7.0806464 0.28762257 0.10416882
7.3328449 0.29233095 0.023694249
7.5044989 0.29827611 -0.30855732
7.7595734 0.053367623 -0.39331113
7.7544995 0.30334859 -0.39212185
7.5892991 0.047489097 -0.059611147
7.5843843 0.29716598 -0.058601903
7.8352583 0.30209204 -0.14214384
7.2495762 0.54326749 -0.22494817
6.9948661 0.78840236 -0.14284645
7.2446891 0.79328026 -0.22333143
7.0758666 0.53705289 0.10531225
7.3279477 0.54189984 0.024927318
7.3229853 0.79149621 0.026563867
7.7494751 0.55334569 -0.39077086
7.4945461 0.79827697 -0.30565513
7.7444443 0.80335431 -0.38920006
7.5794112 0.54687065 -0.057296017
7.8302507 0.55192189 -0.14078655
7.5743753 0.79659458 -0.055690335
7.9183693 0.55989831 -0.7250885
7.9132872 0.81001403 -0.72359241
8.0045381 0.30845236 -0.47607081
8.0855715 0.30708381 -0.22631059
7.9944235 0.80846271 -0.47321068
8.08056 0.55700064 -0.22493422
6.420976 1.0321229 -0.23802401
6.6671571 1.0364179 -0.31306779
6.2414381 1.0249698 0.084095643
6.3073146 1.0218397 0.33366939
6.7404438 1.0337644 -0.06250169
6.5607456 1.0263334 0.26228076
7.4097617 1.0502491 -0.55408671
7.6586237 1.0550772 -0.63767969
7.2397478 1.0433274 -0.22131754
7.3178669 1.0411018 0.028575897
7.7393538 1.0533637 -0.38744594
7.5691887 1.0463229 -0.053812666
6.6459316 0.27818548 0.50590673
6.9027548 0.2823583 0.43112075
6.3835049 0.52243906 0.5778927
6.3791029 0.77069402 0.57962564
6.8980037 0.5310445 0.43217915
6.6367393 0.77511446 0.50858348
7.6657504 0.29601734 0.19102462
7.9176315 0.30083205 0.10770225
7.4076636 0.54050136 0.27431799
7.4026204 0.78972176 0.27596725
7.9125498 0.55047882 0.10905819
7.6555894 0.79489805 0.19394013
