MFEM mesh v1.0

#
# MFEM Geometry Types (see fem/geom.hpp):
#
# POINT       = 0
# SEGMENT     = 1
# TRIANGLE    = 2
# SQUARE      = 3
# TETRAHEDRON = 4
# CUBE        = 5
# PRISM       = 6
#

dimension
3

elements
768
1 4 11 111 74 109
1 4 111 36 77 133
1 4 74 77 5 75
1 4 109 133 75 15
1 4 74 111 133 109
1 4 74 109 133 75
1 4 74 75 133 77
1 4 74 77 133 111
1 4 10 108 107 45
1 4 108 17 130 51
1 4 107 130 15 49
1 4 45 51 49 0
1 4 107 108 51 45
1 4 107 45 51 49
1 4 107 49 51 130
1 4 107 130 51 108
1 4 11 105 110 109
1 4 105 10 108 107
1 4 110 108 17 130
1 4 109 107 130 15
1 4 110 105 107 109
1 4 110 109 107 130
1 4 110 130 107 108
1 4 110 108 107 105
1 4 11 109 110 111
1 4 109 15 130 133
1 4 110 130 17 143
1 4 111 133 143 36
1 4 110 109 133 111
1 4 110 111 133 143
1 4 110 143 133 130
1 4 110 130 133 109
1 4 17 108 119 51
1 4 108 10 106 45
1 4 119 106 13 47
1 4 51 45 47 0
1 4 51 108 119 106
1 4 51 119 47 106
1 4 51 47 45 106
1 4 51 45 108 106
2 4 8 89 94 93
2 4 89 18 150 149
2 4 94 150 39 216
2 4 93 149 216 37
2 4 93 89 94 150
2 4 93 94 216 150
2 4 93 216 149 150
2 4 93 149 89 150
2 4 18 52 135 131
2 4 52 0 50 49
2 4 135 50 16 129
2 4 131 49 129 15
2 4 131 52 135 50
2 4 131 135 129 50
2 4 131 129 49 50
2 4 131 49 52 50
2 4 39 140 83 213
2 4 140 16 79 138
2 4 83 79 6 81
2 4 213 138 81 35
2 4 213 140 83 79
2 4 213 83 81 79
2 4 213 81 138 79
2 4 213 138 140 79
2 4 37 134 212 78
2 4 134 15 132 75
2 4 212 132 35 76
2 4 78 75 76 5
2 4 78 134 212 132
2 4 78 212 76 132
2 4 78 76 75 132
2 4 78 75 134 132
2 4 37 149 216 139
2 4 149 18 150 135
2 4 216 150 39 140
2 4 139 135 140 16
2 4 139 149 216 150
2 4 139 216 140 150
2 4 139 140 135 150
2 4 139 135 149 150
2 4 37 216 212 139
2 4 216 39 213 140
2 4 212 213 35 138
2 4 139 140 138 16
2 4 139 216 212 213
2 4 139 212 138 213
2 4 139 138 140 213
2 4 139 140 216 213
2 4 37 212 134 139
2 4 212 35 132 138
2 4 134 132 15 129
2 4 139 138 129 16
2 4 139 212 134 132
2 4 139 134 129 132
2 4 139 129 138 132
2 4 139 138 212 132
2 4 37 134 149 139
2 4 134 15 131 129
2 4 149 131 18 135
2 4 139 129 135 16
2 4 139 134 149 131
2 4 139 149 135 131
2 4 139 135 129 131
2 4 139 129 134 131
2 4 0 52 50 46
2 4 52 18 135 114
2 4 50 135 16 113
2 4 46 114 113 12
2 4 50 52 114 46
2 4 50 46 114 113
2 4 50 113 114 135
2 4 50 135 114 52
2 4 18 89 150 146
2 4 89 8 94 90
2 4 150 94 39 185
2 4 146 90 185 24
2 4 150 89 90 146
2 4 150 146 90 185
2 4 150 185 90 94
2 4 150 94 90 89
2 4 16 140 79 136
2 4 140 39 83 174
2 4 79 83 6 80
2 4 136 174 80 22
2 4 79 140 174 136
2 4 79 136 174 80
2 4 79 80 174 83
2 4 79 83 174 140
2 4 12 117 116 53
2 4 117 24 171 59
2 4 116 171 22 57
2 4 53 59 57 1
2 4 116 117 59 53
2 4 116 53 59 57
2 4 116 57 59 171
2 4 116 171 59 117
2 4 16 135 137 113
2 4 135 18 146 114
2 4 137 146 24 117
2 4 113 114 117 12
2 4 137 135 114 113
2 4 137 113 114 117
2 4 137 117 114 146
2 4 137 146 114 135
2 4 16 113 137 136
2 4 113 12 117 116
2 4 137 117 24 171
2 4 136 116 171 22
2 4 137 113 116 136
2 4 137 136 116 171
2 4 137 171 116 117
2 4 137 117 116 113
2 4 16 136 137 140
2 4 136 22 171 174
2 4 137 171 24 185
2 4 140 174 185 39
2 4 137 136 174 140
2 4 137 140 174 185
2 4 137 185 174 171
2 4 137 171 174 136
2 4 16 140 137 135
2 4 140 39 185 150
2 4 137 185 24 146
2 4 135 150 146 18
2 4 137 140 150 135
2 4 137 135 150 146
2 4 137 146 150 185
2 4 137 185 150 140
2 4 8 89 92 90
2 4 89 18 148 146
2 4 92 148 32 183
2 4 90 146 183 24
2 4 90 89 92 148
2 4 90 92 183 148
2 4 90 183 146 148
2 4 90 146 89 148
2 4 18 52 123 114
2 4 52 0 48 46
2 4 123 48 14 112
2 4 114 46 112 12
2 4 114 52 123 48
2 4 114 123 112 48
2 4 114 112 46 48
2 4 114 46 52 48
2 4 32 128 68 162
2 4 128 14 64 124
2 4 68 64 3 65
2 4 162 124 65 20
2 4 162 128 68 64
2 4 162 68 65 64
2 4 162 65 124 64
2 4 162 124 128 64
2 4 24 117 159 59
2 4 117 12 115 53
2 4 159 115 20 55
2 4 59 53 55 1
2 4 59 117 159 115
2 4 59 159 55 115
2 4 59 55 53 115
2 4 59 53 117 115
2 4 24 146 183 125
2 4 146 18 148 123
2 4 183 148 32 128
2 4 125 123 128 14
2 4 125 146 183 148
2 4 125 183 128 148
2 4 125 128 123 148
2 4 125 123 146 148
2 4 24 183 159 125
2 4 183 32 162 128
2 4 159 162 20 124
2 4 125 128 124 14
2 4 125 183 159 162
2 4 125 159 124 162
2 4 125 124 128 162
2 4 125 128 183 162
2 4 24 159 117 125
2 4 159 20 115 124
2 4 117 115 12 112
2 4 125 124 112 14
2 4 125 159 117 115
2 4 125 117 112 115
2 4 125 112 124 115
2 4 125 124 159 115
2 4 24 117 146 125
2 4 117 12 114 112
2 4 146 114 18 123
2 4 125 112 123 14
2 4 125 117 146 114
2 4 125 146 123 114
2 4 125 123 112 114
2 4 125 112 117 114
2 4 8 89 93 95
2 4 89 18 149 151
2 4 93 149 37 217
2 4 95 151 217 42
2 4 93 89 151 95
2 4 93 95 151 217
2 4 93 217 151 149
2 4 93 149 151 89
2 4 18 52 131 141
2 4 52 0 49 51
2 4 131 49 15 130
2 4 141 51 130 17
2 4 131 52 51 141
2 4 131 141 51 130
2 4 131 130 51 49
2 4 131 49 51 52
2 4 37 134 78 214
2 4 134 15 75 133
2 4 78 75 5 77
2 4 214 133 77 36
2 4 78 134 133 214
2 4 78 214 133 77
2 4 78 77 133 75
2 4 78 75 133 134
2 4 37 149 144 217
2 4 149 18 141 151
2 4 144 141 17 145
2 4 217 151 145 42
2 4 144 149 151 217
2 4 144 217 151 145
2 4 144 145 151 141
2 4 144 141 151 149
2 4 37 217 144 214
2 4 217 42 145 215
2 4 144 145 17 143
2 4 214 215 143 36
2 4 144 217 215 214
2 4 144 214 215 143
2 4 144 143 215 145
2 4 144 145 215 217
2 4 37 214 144 134
2 4 214 36 143 133
2 4 144 143 17 130
2 4 134 133 130 15
2 4 144 214 133 134
2 4 144 134 133 130
2 4 144 130 133 143
2 4 144 143 133 214
2 4 37 134 144 149
2 4 134 15 130 131
2 4 144 130 17 141
2 4 149 131 141 18
2 4 144 134 131 149
2 4 144 149 131 141
2 4 144 141 131 130
2 4 144 130 131 134
2 4 0 52 47 51
2 4 52 18 120 141
2 4 47 120 13 119
2 4 51 141 119 17
2 4 51 52 47 120
2 4 51 47 119 120
2 4 51 119 141 120
2 4 51 141 52 120
2 4 18 89 147 151
2 4 89 8 91 95
2 4 147 91 30 204
2 4 151 95 204 42
2 4 151 89 147 91
2 4 151 147 204 91
2 4 151 204 95 91
2 4 151 95 89 91
2 4 17 141 119 142
2 4 141 18 120 147
2 4 119 120 13 122
2 4 142 147 122 30
2 4 142 141 119 120
2 4 142 119 122 120
2 4 142 122 147 120
2 4 142 147 141 120
2 4 17 145 141 142
2 4 145 42 151 204
2 4 141 151 18 147
2 4 142 204 147 30
2 4 142 145 141 151
2 4 142 141 147 151
2 4 142 147 204 151
2 4 142 204 145 151
2 4 8 89 91 92
2 4 89 18 147 148
2 4 91 147 30 203
2 4 92 148 203 32
2 4 91 89 148 92
2 4 91 92 148 203
2 4 91 203 148 147
2 4 91 147 148 89
2 4 18 52 120 123
2 4 52 0 47 48
2 4 120 47 13 118
2 4 123 48 118 14
2 4 120 52 48 123
2 4 120 123 48 118
2 4 120 118 48 47
2 4 120 47 48 52
2 4 30 122 63 201
2 4 122 13 61 121
2 4 63 61 2 62
2 4 201 121 62 29
2 4 63 122 121 201
2 4 63 201 121 62
2 4 63 62 121 61
2 4 63 61 121 122
2 4 32 128 202 68
2 4 128 14 126 64
2 4 202 126 29 66
2 4 68 64 66 3
2 4 202 128 64 68
2 4 202 68 64 66
2 4 202 66 64 126
2 4 202 126 64 128
2 4 30 147 127 203
2 4 147 18 123 148
2 4 127 123 14 128
2 4 203 148 128 32
2 4 127 147 148 203
2 4 127 203 148 128
2 4 127 128 148 123
2 4 127 123 148 147
2 4 30 203 127 201
2 4 203 32 128 202
2 4 127 128 14 126
2 4 201 202 126 29
2 4 127 203 202 201
2 4 127 201 202 126
2 4 127 126 202 128
2 4 127 128 202 203
2 4 30 201 127 122
2 4 201 29 126 121
2 4 127 126 14 118
2 4 122 121 118 13
2 4 127 201 121 122
2 4 127 122 121 118
2 4 127 118 121 126
2 4 127 126 121 201
2 4 30 122 127 147
2 4 122 13 118 120
2 4 127 118 14 123
2 4 147 120 123 18
2 4 127 122 120 147
2 4 127 147 120 123
2 4 127 123 120 118
2 4 127 118 120 122
2 4 9 97 102 101
2 4 97 25 192 191
2 4 102 192 41 222
2 4 101 191 222 40
2 4 101 97 102 192
2 4 101 102 222 192
2 4 101 222 191 192
2 4 101 191 97 192
2 4 25 60 176 172
2 4 60 1 58 57
2 4 176 58 23 170
2 4 172 57 170 22
2 4 172 60 176 58
2 4 172 176 170 58
2 4 172 170 57 58
2 4 172 57 60 58
2 4 41 181 88 219
2 4 181 23 85 179
2 4 88 85 7 87
2 4 219 179 87 38
2 4 219 181 88 85
2 4 219 88 87 85
2 4 219 87 179 85
2 4 219 179 181 85
2 4 40 175 218 84
2 4 175 22 173 80
2 4 218 173 38 82
2 4 84 80 82 6
2 4 84 175 218 173
2 4 84 218 82 173
2 4 84 82 80 173
2 4 84 80 175 173
2 4 40 191 222 180
2 4 191 25 192 176
2 4 222 192 41 181
2 4 180 176 181 23
2 4 180 191 222 192
2 4 180 222 181 192
2 4 180 181 176 192
2 4 180 176 191 192
2 4 40 222 218 180
2 4 222 41 219 181
2 4 218 219 38 179
2 4 180 181 179 23
2 4 180 222 218 219
2 4 180 218 179 219
2 4 180 179 181 219
2 4 180 181 222 219
2 4 40 218 175 180
2 4 218 38 173 179
2 4 175 173 22 170
2 4 180 179 170 23
2 4 180 218 175 173
2 4 180 175 170 173
2 4 180 170 179 173
2 4 180 179 218 173
2 4 40 175 191 180
2 4 175 22 172 170
2 4 191 172 25 176
2 4 180 170 176 23
2 4 180 175 191 172
2 4 180 191 176 172
2 4 180 176 170 172
2 4 180 170 175 172
2 4 1 60 58 54
2 4 60 25 176 154
2 4 58 176 23 153
2 4 54 154 153 19
2 4 58 60 154 54
2 4 58 54 154 153
2 4 58 153 154 176
2 4 58 176 154 60
2 4 25 97 192 188
2 4 97 9 102 98
2 4 192 102 41 199
2 4 188 98 199 28
2 4 192 97 98 188
2 4 192 188 98 199
2 4 192 199 98 102
2 4 192 102 98 97
2 4 23 181 85 177
2 4 181 41 88 197
2 4 85 88 7 86
2 4 177 197 86 27
2 4 85 181 197 177
2 4 85 177 197 86
2 4 85 86 197 88
2 4 85 88 197 181
2 4 23 176 178 153
2 4 176 25 188 154
2 4 178 188 28 157
2 4 153 154 157 19
2 4 178 176 154 153
2 4 178 153 154 157
2 4 178 157 154 188
2 4 178 188 154 176
2 4 23 153 178 177
2 4 153 19 157 156
2 4 178 157 28 196
2 4 177 156 196 27
2 4 178 153 156 177
2 4 178 177 156 196
2 4 178 196 156 157
2 4 178 157 156 153
2 4 23 177 178 181
2 4 177 27 196 197
2 4 178 196 28 199
2 4 181 197 199 41
2 4 178 177 197 181
2 4 178 181 197 199
2 4 178 199 197 196
2 4 178 196 197 177
2 4 23 181 178 176
2 4 181 41 199 192
2 4 178 199 28 188
2 4 176 192 188 25
2 4 178 181 192 176
2 4 178 176 192 188
2 4 178 188 192 199
2 4 178 199 192 181
2 4 9 97 100 98
2 4 97 25 190 188
2 4 100 190 34 198
2 4 98 188 198 28
2 4 98 97 100 190
2 4 98 100 198 190
2 4 98 198 188 190
2 4 98 188 97 190
2 4 25 60 164 154
2 4 60 1 56 54
2 4 164 56 21 152
2 4 154 54 152 19
2 4 154 60 164 56
2 4 154 164 152 56
2 4 154 152 54 56
2 4 154 54 60 56
2 4 34 169 73 195
2 4 169 21 70 165
2 4 73 70 4 71
2 4 195 165 71 26
2 4 195 169 73 70
2 4 195 73 71 70
2 4 195 71 165 70
2 4 195 165 169 70
2 4 28 188 198 166
2 4 188 25 190 164
2 4 198 190 34 169
2 4 166 164 169 21
2 4 166 188 198 190
2 4 166 198 169 190
2 4 166 169 164 190
2 4 166 164 188 190
2 4 28 198 194 166
2 4 198 34 195 169
2 4 194 195 26 165
2 4 166 169 165 21
2 4 166 198 194 195
2 4 166 194 165 195
2 4 166 165 169 195
2 4 166 169 198 195
2 4 28 194 157 166
2 4 194 26 155 165
2 4 157 155 19 152
2 4 166 165 152 21
2 4 166 194 157 155
2 4 166 157 152 155
2 4 166 152 165 155
2 4 166 165 194 155
2 4 28 157 188 166
2 4 157 19 154 152
2 4 188 154 25 164
2 4 166 152 164 21
2 4 166 157 188 154
2 4 166 188 164 154
2 4 166 164 152 154
2 4 166 152 157 154
2 4 9 97 101 103
2 4 97 25 191 193
2 4 101 191 40 223
2 4 103 193 223 43
2 4 101 97 193 103
2 4 101 103 193 223
2 4 101 223 193 191
2 4 101 191 193 97
2 4 25 60 172 182
2 4 60 1 57 59
2 4 172 57 22 171
2 4 182 59 171 24
2 4 172 60 59 182
2 4 172 182 59 171
2 4 172 171 59 57
2 4 172 57 59 60
2 4 40 175 84 220
2 4 175 22 80 174
2 4 84 80 6 83
2 4 220 174 83 39
2 4 84 175 174 220
2 4 84 220 174 83
2 4 84 83 174 80
2 4 84 80 174 175
2 4 43 187 221 96
2 4 187 24 185 90
2 4 221 185 39 94
2 4 96 90 94 8
2 4 221 187 90 96
2 4 221 96 90 94
2 4 221 94 90 185
2 4 221 185 90 187
2 4 40 191 186 223
2 4 191 25 182 193
2 4 186 182 24 187
2 4 223 193 187 43
2 4 186 191 193 223
2 4 186 223 193 187
2 4 186 187 193 182
2 4 186 182 193 191
2 4 40 223 186 220
2 4 223 43 187 221
2 4 186 187 24 185
2 4 220 221 185 39
2 4 186 223 221 220
2 4 186 220 221 185
2 4 186 185 221 187
2 4 186 187 221 223
2 4 40 220 186 175
2 4 220 39 185 174
2 4 186 185 24 171
2 4 175 174 171 22
2 4 186 220 174 175
2 4 186 175 174 171
2 4 186 171 174 185
2 4 186 185 174 220
2 4 40 175 186 191
2 4 175 22 171 172
2 4 186 171 24 182
2 4 191 172 182 25
2 4 186 175 172 191
2 4 186 191 172 182
2 4 186 182 172 171
2 4 186 171 172 175
2 4 1 60 55 59
2 4 60 25 160 182
2 4 55 160 20 159
2 4 59 182 159 24
2 4 59 60 55 160
2 4 59 55 159 160
2 4 59 159 182 160
2 4 59 182 60 160
2 4 25 97 189 193
2 4 97 9 99 103
2 4 189 99 33 210
2 4 193 103 210 43
2 4 193 97 189 99
2 4 193 189 210 99
2 4 193 210 103 99
2 4 193 103 97 99
2 4 20 163 65 162
2 4 163 33 69 207
2 4 65 69 3 68
2 4 162 207 68 32
2 4 162 163 65 69
2 4 162 65 68 69
2 4 162 68 207 69
2 4 162 207 163 69
2 4 24 187 183 90
2 4 187 43 208 96
2 4 183 208 32 92
2 4 90 96 92 8
2 4 90 187 183 208
2 4 90 183 92 208
2 4 90 92 96 208
2 4 90 96 187 208
2 4 24 182 159 184
2 4 182 25 160 189
2 4 159 160 20 163
2 4 184 189 163 33
2 4 184 182 159 160
2 4 184 159 163 160
2 4 184 163 189 160
2 4 184 189 182 160
2 4 24 159 183 184
2 4 159 20 162 163
2 4 183 162 32 207
2 4 184 163 207 33
2 4 184 159 183 162
2 4 184 183 207 162
2 4 184 207 163 162
2 4 184 163 159 162
2 4 24 183 187 184
2 4 183 32 208 207
2 4 187 208 43 210
2 4 184 207 210 33
2 4 184 183 187 208
2 4 184 187 210 208
2 4 184 210 207 208
2 4 184 207 183 208
2 4 24 187 182 184
2 4 187 43 193 210
2 4 182 193 25 189
2 4 184 210 189 33
2 4 184 187 182 193
2 4 184 182 189 193
2 4 184 189 210 193
2 4 184 210 187 193
2 4 9 97 99 100
2 4 97 25 189 190
2 4 99 189 33 209
2 4 100 190 209 34
2 4 99 97 190 100
2 4 99 100 190 209
2 4 99 209 190 189
2 4 99 189 190 97
2 4 25 60 160 164
2 4 60 1 55 56
2 4 160 55 20 158
2 4 164 56 158 21
2 4 160 60 56 164
2 4 160 164 56 158
2 4 160 158 56 55
2 4 160 55 56 60
2 4 33 163 69 205
2 4 163 20 65 161
2 4 69 65 3 67
2 4 205 161 67 31
2 4 69 163 161 205
2 4 69 205 161 67
2 4 69 67 161 65
2 4 69 65 161 163
2 4 34 169 206 73
2 4 169 21 167 70
2 4 206 167 31 72
2 4 73 70 72 4
2 4 206 169 70 73
2 4 206 73 70 72
2 4 206 72 70 167
2 4 206 167 70 169
2 4 33 189 168 209
2 4 189 25 164 190
2 4 168 164 21 169
2 4 209 190 169 34
2 4 168 189 190 209
2 4 168 209 190 169
2 4 168 169 190 164
2 4 168 164 190 189
2 4 33 209 168 205
2 4 209 34 169 206
2 4 168 169 21 167
2 4 205 206 167 31
2 4 168 209 206 205
2 4 168 205 206 167
2 4 168 167 206 169
2 4 168 169 206 209
2 4 33 205 168 163
2 4 205 31 167 161
2 4 168 167 21 158
2 4 163 161 158 20
2 4 168 205 161 163
2 4 168 163 161 158
2 4 168 158 161 167
2 4 168 167 161 205
2 4 33 163 168 189
2 4 163 20 158 160
2 4 168 158 21 164
2 4 189 160 164 25
2 4 168 163 160 189
2 4 168 189 160 164
2 4 168 164 160 158
2 4 168 158 160 163
2 4 44 200 224 104
2 4 200 28 199 98
2 4 224 199 41 102
2 4 104 98 102 9
2 4 224 200 98 104
2 4 224 104 98 102
2 4 224 102 98 199
2 4 224 199 98 200
2 4 28 200 198 98
2 4 200 44 211 104
2 4 198 211 34 100
2 4 98 104 100 9
2 4 98 200 198 211
2 4 98 198 100 211
2 4 98 100 104 211
2 4 98 104 200 211

boundary
320
3 2 5 74 75
3 2 109 75 74
3 2 74 11 109
3 2 75 109 15
3 2 10 107 105
3 2 109 105 107
3 2 107 15 109
3 2 105 109 11
3 2 15 107 49
3 2 45 49 107
3 2 107 10 45
3 2 49 45 0
3 2 10 106 45
3 2 47 45 106
3 2 106 13 47
3 2 45 47 0
3 2 8 93 94
3 2 216 94 93
3 2 93 37 216
3 2 94 216 39
3 2 35 213 212
3 2 216 212 213
3 2 213 39 216
3 2 212 216 37
3 2 37 78 212
3 2 76 212 78
3 2 78 5 76
3 2 212 76 35
3 2 39 213 83
3 2 81 83 213
3 2 213 35 81
3 2 83 81 6
3 2 0 50 49
3 2 129 49 50
3 2 50 16 129
3 2 49 129 15
3 2 35 132 138
3 2 129 138 132
3 2 132 15 129
3 2 138 129 16
3 2 16 79 138
3 2 81 138 79
3 2 79 6 81
3 2 138 81 35
3 2 15 132 75
3 2 76 75 132
3 2 132 35 76
3 2 75 76 5
3 2 6 79 80
3 2 136 80 79
3 2 79 16 136
3 2 80 136 22
3 2 12 116 113
3 2 136 113 116
3 2 116 22 136
3 2 113 136 16
3 2 16 50 113
3 2 46 113 50
3 2 50 0 46
3 2 113 46 12
3 2 22 116 57
3 2 53 57 116
3 2 116 12 53
3 2 57 53 1
3 2 0 48 46
3 2 112 46 48
3 2 48 14 112
3 2 46 112 12
3 2 20 115 124
3 2 112 124 115
3 2 115 12 112
3 2 124 112 14
3 2 14 64 124
3 2 65 124 64
3 2 64 3 65
3 2 124 65 20
3 2 12 115 53
3 2 55 53 115
3 2 115 20 55
3 2 53 55 1
3 2 5 78 77
3 2 214 77 78
3 2 78 37 214
3 2 77 214 36
3 2 42 215 217
3 2 214 217 215
3 2 215 36 214
3 2 217 214 37
3 2 37 93 217
3 2 95 217 93
3 2 93 8 95
3 2 217 95 42
3 2 8 91 95
3 2 204 95 91
3 2 91 30 204
3 2 95 204 42
3 2 2 63 62
3 2 201 62 63
3 2 63 30 201
3 2 62 201 29
3 2 32 202 203
3 2 201 203 202
3 2 202 29 201
3 2 203 201 30
3 2 30 91 203
3 2 92 203 91
3 2 91 8 92
3 2 203 92 32
3 2 29 202 66
3 2 68 66 202
3 2 202 32 68
3 2 66 68 3
3 2 3 64 66
3 2 126 66 64
3 2 64 14 126
3 2 66 126 29
3 2 13 121 118
3 2 126 118 121
3 2 121 29 126
3 2 118 126 14
3 2 14 48 118
3 2 47 118 48
3 2 48 0 47
3 2 118 47 13
3 2 29 121 62
3 2 61 62 121
3 2 121 13 61
3 2 62 61 2
3 2 9 101 102
3 2 222 102 101
3 2 101 40 222
3 2 102 222 41
3 2 38 219 218
3 2 222 218 219
3 2 219 41 222
3 2 218 222 40
3 2 40 84 218
3 2 82 218 84
3 2 84 6 82
3 2 218 82 38
3 2 41 219 88
3 2 87 88 219
3 2 219 38 87
3 2 88 87 7
3 2 1 58 57
3 2 170 57 58
3 2 58 23 170
3 2 57 170 22
3 2 38 173 179
3 2 170 179 173
3 2 173 22 170
3 2 179 170 23
3 2 23 85 179
3 2 87 179 85
3 2 85 7 87
3 2 179 87 38
3 2 22 173 80
3 2 82 80 173
3 2 173 38 82
3 2 80 82 6
3 2 7 85 86
3 2 177 86 85
3 2 85 23 177
3 2 86 177 27
3 2 19 156 153
3 2 177 153 156
3 2 156 27 177
3 2 153 177 23
3 2 23 58 153
3 2 54 153 58
3 2 58 1 54
3 2 153 54 19
3 2 1 56 54
3 2 152 54 56
3 2 56 21 152
3 2 54 152 19
3 2 26 155 165
3 2 152 165 155
3 2 155 19 152
3 2 165 152 21
3 2 21 70 165
3 2 71 165 70
3 2 70 4 71
3 2 165 71 26
3 2 6 84 83
3 2 220 83 84
3 2 84 40 220
3 2 83 220 39
3 2 43 221 223
3 2 220 223 221
3 2 221 39 220
3 2 223 220 40
3 2 40 101 223
3 2 103 223 101
3 2 101 9 103
3 2 223 103 43
3 2 39 221 94
3 2 96 94 221
3 2 221 43 96
3 2 94 96 8
3 2 9 99 103
3 2 210 103 99
3 2 99 33 210
3 2 103 210 43
3 2 32 208 207
3 2 210 207 208
3 2 208 43 210
3 2 207 210 33
3 2 33 69 207
3 2 68 207 69
3 2 69 3 68
3 2 207 68 32
3 2 43 208 96
3 2 92 96 208
3 2 208 32 92
3 2 96 92 8
3 2 3 69 67
3 2 205 67 69
3 2 69 33 205
3 2 67 205 31
3 2 34 206 209
3 2 205 209 206
3 2 206 31 205
3 2 209 205 33
3 2 33 99 209
3 2 100 209 99
3 2 99 9 100
3 2 209 100 34
3 2 31 206 72
3 2 73 72 206
3 2 206 34 73
3 2 72 73 4
3 2 4 70 72
3 2 167 72 70
3 2 70 21 167
3 2 72 167 31
3 2 20 161 158
3 2 167 158 161
3 2 161 31 167
3 2 158 167 21
3 2 21 56 158
3 2 55 158 56
3 2 56 1 55
3 2 158 55 20
3 2 31 161 67
3 2 65 67 161
3 2 161 20 65
3 2 67 65 3
3 2 41 224 102
3 2 104 102 224
3 2 224 44 104
3 2 102 104 9
3 2 44 211 104
3 2 100 104 211
3 2 211 34 100
3 2 104 100 9
6 2 111 77 36
6 2 11 110 105
6 2 11 111 110
6 2 17 119 108
6 2 42 145 215
6 2 122 61 13
6 2 17 142 119
6 2 17 145 142
6 2 41 88 197
6 2 19 157 156
6 2 27 196 197
6 2 34 195 73
6 2 28 157 194
6 2 28 194 198
6 2 44 224 200
6 2 28 198 200
6 2 74 77 111
6 2 74 5 77
6 2 11 74 111
6 2 110 108 105
6 2 105 108 10
6 2 110 17 108
6 2 110 111 143
6 2 111 36 143
6 2 110 143 17
6 2 108 119 106
6 2 119 13 106
6 2 108 106 10
6 2 143 215 145
6 2 215 143 36
6 2 145 17 143
6 2 63 61 122
6 2 63 2 61
6 2 30 63 122
6 2 142 122 119
6 2 142 30 122
6 2 119 122 13
6 2 142 145 204
6 2 142 204 30
6 2 145 42 204
6 2 86 197 88
6 2 88 7 86
6 2 197 86 27
6 2 196 156 157
6 2 156 196 27
6 2 157 28 196
6 2 199 197 196
6 2 196 28 199
6 2 197 199 41
6 2 195 71 73
6 2 195 26 71
6 2 73 71 4
6 2 194 157 155
6 2 194 155 26
6 2 157 19 155
6 2 198 194 195
6 2 194 26 195
6 2 198 195 34
6 2 224 199 200
6 2 224 41 199
6 2 200 199 28
6 2 200 198 211
6 2 198 34 211
6 2 200 211 44

vertices
225

nodes
FiniteElementSpace
FiniteElementCollection: H1_3D_P1
VDim: 3
Ordering: 1

3.9911383 0.002334376 -0.042035543
4.927912 0.0038311774 -0.14159376
3.990062 1.0031202 -0.041627046
4.9199176 1.0153548 -0.13931385
5.8679389 1.0269577 -0.35176975
4.0100262 0.0027076007 0.95791928
5.0816173 0.012847732 0.85852211
6.1327435 0.022733541 0.64430979
5.0701042 1.0009729 0.86173932
6.1157138 1.014678 0.64904399
3.4920449 0.0019707253 -0.032961771
3.5005137 0.002019333 0.46715058
4.4569838 -0.00076973628 -0.075808111
3.9906875 0.50271904 -0.041987624
4.4551791 0.50508048 -0.077953946
4.0005723 0.0025871471 0.45823772
4.5027928 0.0046030817 0.42863211
3.9999951 0.50257113 0.45823291
4.5002031 0.50430791 0.42682685
5.4030703 0.010751054 -0.23662147
4.9237987 0.50932392 -0.14319955
5.397038 0.51537731 -0.23732535
5.0046059 0.0083672883 0.36233731
5.5061875 0.013902938 0.26668031
4.9999583 0.50807989 0.3608397
5.4998483 0.51366462 0.26603229
5.8751089 0.52288666 -0.35571982
6.0074916 0.020969666 0.1467774
5.9997712 0.5207794 0.14699872
4.452988 1.0113932 -0.074828738
4.4975507 1.0046184 0.43036116
5.3913859 1.0204691 -0.23331982
4.995296 1.0083441 0.36516635
5.4935035 1.0138848 0.27044078
5.9920493 1.0209557 0.15129268
4.5485605 0.010142636 0.92416468
4.0092931 0.5024162 0.95803226
4.5441738 0.50336758 0.92259344
5.6097369 0.017008218 0.7635294
5.0759604 0.50666262 0.85729119
5.6026506 0.51180148 0.7630924
6.1244355 0.51855224 0.64468022
4.5406011 0.99749733 0.92627911
5.5951749 1.0069855 0.76758758
6.6317103 1.0236859 0.51099524
3.7416193 0.0022164737 -0.037339324
4.2231006 -0.0012491745 -0.055275626
3.9909499 0.25253996 -0.042036471
4.2230418 0.25150989 -0.056686687
3.9959127 0.002462016 0.20818
4.2381812 0.00048930218 0.19785438
3.9956775 0.25254981 0.20813151
4.2381743 0.2522378 0.19683832
4.6919402 0.0011401336 -0.10473315
5.164943 0.0070706578 -0.1857663
4.9258112 0.25648609 -0.14302695
5.1623064 0.25951698 -0.1869382
4.9671095 0.0057211854 0.11125069
5.2110284 0.0086551451 0.066852121
4.9647486 0.25719002 0.10985536
5.2081717 0.26001014 0.065710131
3.9904143 0.75291156 -0.041864364
4.2206984 1.0090326 -0.055201853
4.2358548 1.0067665 0.19890941
4.6874092 0.76008208 -0.10561587
4.9217991 0.76232006 -0.14195113
4.6859659 1.0133018 -0.10305647
5.1550295 1.0177319 -0.18294906
4.958195 1.0122649 0.11394643
5.2002998 1.0146932 0.070060619
5.6321917 0.77125706 -0.29231582
5.8714787 0.77491824 -0.35420497
5.6290189 1.0235541 -0.28979902
5.9306601 1.0242291 -0.099533698
3.7549699 0.0023268643 0.71274007
4.0052319 0.002695345 0.70814925
4.2803492 0.0087100971 0.94433845
4.0096209 0.25256652 0.9579579
4.277565 0.25491858 0.94328122
4.7837584 0.0092264104 0.6485381
5.0421371 0.010987901 0.61145
4.8156798 0.011364408 0.89535396
5.3463113 0.014721948 0.81436356
5.078667 0.25974173 0.85716066
5.3430264 0.26185837 0.81324495
5.8134242 0.018751406 0.45880174
6.0691778 0.022093838 0.39621239
5.8718829 0.019689163 0.70664124
6.1285291 0.2706352 0.64397775
4.777735 0.75375091 0.64820842
5.0348127 0.75584498 0.6115393
4.7757301 1.0021425 0.65095846
5.0322585 1.0043331 0.61439213
4.8084841 0.75173587 0.89529643
5.0732472 0.7537464 0.85886959
4.8058859 0.99880535 0.89806534
5.3332043 1.0037391 0.81802358
5.802656 0.76486866 0.46030968
6.0574668 0.76864075 0.3981598
5.7988633 1.0137269 0.4630307
6.0533538 1.0176248 0.40078851
5.8603045 0.76276126 0.70832843
6.1202916 0.76656335 0.64640917
5.856012 1.0106473 0.71105747
6.3742798 1.0190372 0.58215429
3.4963037 0.0019877592 0.21712012
3.7413947 0.25231812 -0.037352307
3.7461105 0.0022495835 0.21274673
3.7458612 0.25230056 0.21272867
3.7505342 0.0022915812 0.46277452
3.7502609 0.252287 0.46275516
3.7546722 0.25226838 0.71272832
4.4562195 0.2521738 -0.077491792
4.4807294 0.0014290974 0.17743472
4.4797211 0.25310332 0.17588596
4.6904596 0.25397612 -0.10636766
4.7236862 0.0032756694 0.1483298
4.7219186 0.25484982 0.14675497
4.2223301 0.50371051 -0.057074266
3.9954042 0.50264321 0.20817892
4.2375091 0.50347196 0.19660919
4.2216241 0.75608191 -0.056598763
4.2367579 0.75483003 0.19714907
4.478606 0.50473777 0.17557451
4.6889454 0.50695139 -0.10671102
4.7202568 0.50648456 0.14652884
4.4540782 0.75811945 -0.077099759
4.4773616 0.75645598 0.17647724
4.7185509 0.75823419 0.14768817
4.2517221 0.0034218635 0.44874344
4.0002816 0.25257364 0.458184
4.2510266 0.25324553 0.44761476
4.2653368 0.0063616579 0.69772385
4.0048882 0.25258867 0.70812012
4.2637696 0.25425618 0.69660026
4.5014776 0.2543457 0.42697574
4.7537293 0.0062544606 0.39950262
4.7518686 0.25600089 0.39781
4.5248025 0.007809664 0.67757798
4.5230463 0.2556711 0.67593739
4.7817289 0.25719704 0.64687586
4.2502458 0.5031698 0.44746548
4.2494824 0.75320396 0.448061
4.0045846 0.502499 0.70817964
4.2628547 0.50286328 0.69651902
4.2620491 0.75160633 0.69720907
4.7500576 0.50595093 0.3977082
4.4989036 0.75435751 0.42782287
4.7482389 0.75600531 0.39895645
4.5215142 0.50387689 0.6758698
4.7797096 0.50540387 0.6468495
4.5201035 0.75225096 0.67697907
5.3999627 0.26297719 -0.23751425
5.4554596 0.012014865 0.015768695
5.452172 0.26325034 0.014901956
5.6387887 0.26680948 -0.29415209
5.700412 0.015753104 -0.041377795
5.6967438 0.266866 -0.041967511
5.1598191 0.51214808 -0.18692893
4.9625702 0.50872809 0.10977617
5.2055251 0.51142744 0.065797929
5.1573644 0.76492966 -0.18557916
4.9604063 0.76038916 0.11109514
5.2029224 0.76296318 0.067217421
5.449103 0.51454033 0.015159182
5.6354668 0.51896996 -0.29379067
5.6932947 0.51802671 -0.041545796
5.3941557 0.76791652 -0.23590385
5.4460913 0.76593996 0.016646298
5.6899088 0.76928701 -0.04001059
5.2554282 0.010925985 0.31784896
5.0022582 0.25813286 0.36082315
5.2526376 0.26071251 0.31659262
5.2998916 0.013167771 0.56703638
5.039747 0.25909627 0.60996542
5.297116 0.26142623 0.56580461
5.5029933 0.26370978 0.26570605
5.7568767 0.017263372 0.20945224
5.7533173 0.26708974 0.20876277
5.5569928 0.015764413 0.51594675
5.5538411 0.26417813 0.51499164
5.8099226 0.26732232 0.45812633
5.2498948 0.51066259 0.31675991
4.9976568 0.75813084 0.36223797
5.2471515 0.76070984 0.31825058
5.0372869 0.50740993 0.61004566
5.2942442 0.50987353 0.56602629
5.2913276 0.75843035 0.56759968
5.7498086 0.51704946 0.20924527
5.4967028 0.76370833 0.26758399
5.7462995 0.76708936 0.21083918
5.5505879 0.51276548 0.51536524
5.8063215 0.5160508 0.45865024
5.5472761 0.76145224 0.51699026
5.9380962 0.52184762 -0.10371348
5.9343731 0.77296761 -0.10214387
6.0036056 0.27081499 0.14636711
6.0653595 0.27082265 0.39581138
5.9959366 0.77081514 0.14862141
6.0614463 0.51969212 0.39647877
6.3117085 0.77273026 0.33114512
4.4759381 1.0085173 0.17891772
4.7167434 1.0102324 0.15044417
4.7463558 1.0062408 0.40179503
4.5187405 1.0006099 0.67939414
5.4430739 1.017516 0.019433487
5.6865262 1.0207063 -0.037304116
5.2443527 1.0109042 0.32116727
5.2883052 1.0070374 0.5704493
5.7427373 1.017248 0.21361107
5.543845 1.0101844 0.51978799
6.3073146 1.0218397 0.33366939
4.545996 0.25660982 0.92261821
4.8130091 0.2580353 0.89381352
4.2765455 0.50249412 0.94330021
4.2755533 0.75029032 0.94415627
4.8107186 0.50477784 0.89383292
4.5425104 0.75044394 0.92383877
5.6061166 0.26439653 0.76267358
5.8679495 0.26733334 0.70605008
5.339926 0.50901285 0.81351568
5.3367916 0.75630473 0.81516053
5.8641515 0.51499371 0.70661437
5.5991396 0.75932741 0.76477949
6.3791029 0.77069402 0.57962564
