# t   L2_u
0 1.632e-06 0
0.02 3.72668 28.5244
0.04 7.34388 28.8825
0.06 11.0927 29.2433
0.08 14.7332 29.6065
0.1 18.3415 29.9724
0.12 22.1895 30.3408
0.14 25.9948 30.7119
0.16 30.0398 31.0856
0.18 33.9629 31.4619
0.2 37.9208 31.8409
0.22 41.7925 32.2226
0.24 45.774 32.607
0.26 49.6306 32.9941
0.28 53.4021 33.3839
0.3 57.1499 33.7764
0.32 60.8103 34.1717
0.34 64.5771 34.5698
0.36 68.3363 34.9706
0.38 71.962 35.3743
0.4 75.7029 35.7807
0.42 79.4067 36.1901
0.44 83.4256 36.6022
0.46 87.3446 37.0173
0.48 91.2491 37.4352
0.5 94.9089 37.856
0.52 98.8253 38.2798
0.54 102.945 38.7065
0.56 106.892 39.1362
0.58 110.562 39.5688
0.6 114.187 40.0044
0.62 117.83 40.4431
0.64 121.44 40.8847
0.66 125.113 41.3294
0.68 128.709 41.7772
0.7 132.335 42.2281
0.72 135.988 42.6821
0.74 139.743 43.1391
0.76 143.747 43.5994
0.78 147.578 44.0627
0.8 151.557 44.5293
0.82 155.563 44.9991
0.84 159.581 45.472
0.86 163.482 45.9482
0.88 167.45 46.4277
0.9 171.278 46.9104
0.92 175.009 47.3964
0.94 178.767 47.8858
0.96 182.477 48.3784
0.98 186.313 48.8744
1 190.185 49.3738
1.02 193.909 49.8766
1.04 197.717 50.3828
1.06 201.569 50.8924
1.08 205.466 51.4054
1.1 209.732 51.922
1.12 213.842 52.442
1.14 217.91 52.9655
1.16 221.961 53.4926
1.18 225.845 54.0232
1.2 229.653 54.5575
1.22 233.225 55.0953
1.24 236.851 55.6367
1.26 240.491 56.1818
1.28 244.091 56.7305
1.3 247.772 57.2829
1.32 251.399 57.839
1.34 254.969 58.3989
1.36 258.571 58.9625
1.38 262.418 59.5299
1.4 266.384 60.101
1.42 270.389 60.676
1.44 274.382 61.2549
1.46 278.365 61.8376
1.48 282.305 62.4241
1.5 286.312 63.0146
1.52 290.202 63.6091
1.54 293.861 64.2074
1.56 297.561 64.8098
1.58 301.295 65.4162
1.6 305.012 66.0266
1.62 308.575 66.641
1.64 312.107 67.2595
1.66 315.616 67.8822
1.68 319.185 68.5089
1.7 322.783 69.1398
1.72 326.48 69.7749
1.74 330.134 70.4142
1.76 333.706 71.0577
1.78 337.463 71.7054
1.8 341.134 72.3574
1.82 344.818 73.0137
1.84 348.492 73.6744
1.86 351.867 74.3394
1.88 355.22 75.0087
1.9 358.594 75.6825
1.92 361.988 76.3607
1.94 365.429 77.0434
1.96 368.853 77.7305
1.98 372.188 78.4222
2 375.535 79.1184
2.02 378.915 79.8191
2.04 382.569 80.5244
2.06 386.119 81.2344
2.08 389.863 81.949
2.1 393.598 82.6683
2.12 397.324 83.3922
2.14 400.999 84.1209
2.16 404.717 84.8544
2.18 408.364 85.5926
2.2 411.942 86.3356
2.22 415.524 87.0835
2.24 419.074 87.8363
2.26 422.671 88.5939
2.28 426.128 89.3565
2.3 429.721 90.1241
2.32 433.268 90.8966
2.34 436.821 91.6741
2.36 440.326 92.4567
2.38 444.064 93.2444
2.4 447.759 94.0371
2.42 451.434 94.835
2.44 455.166 95.6381
2.46 458.731 96.4464
2.48 462.392 97.2599
2.5 466.075 98.0786
2.52 469.6 98.9027
2.54 473.117 99.732
2.56 476.636 100.567
2.58 480.182 101.407
2.6 483.651 102.252
2.62 487.182 103.103
2.64 490.692 103.96
2.66 494.124 104.822
2.68 497.595 105.689
2.7 501.392 106.562
2.72 505.24 107.441
2.74 508.971 108.325
2.76 512.694 109.215
2.78 516.375 110.111
2.8 520.169 111.013
2.82 524.023 111.92
2.84 527.899 112.833
2.86 531.457 113.752
2.88 534.957 114.677
2.9 538.475 115.607
2.92 542.008 116.544
2.94 545.529 117.487
2.96 549.072 118.435
2.98 552.595 119.39
3 556.054 120.351
3.02 559.578 121.318
3.04 563.238 122.291
3.06 567.044 123.27
3.08 570.776 124.256
3.1 574.493 125.248
3.12 578.356 126.246
3.14 582.106 127.251
3.16 585.922 128.261
3.18 589.451 129.279
3.2 592.825 130.303
3.22 596.199 131.333
3.24 599.558 132.37
3.26 602.992 133.413
3.28 606.377 134.463
3.3 609.8 135.52
3.32 613.169 136.583
3.34 616.542 137.654
3.36 619.964 138.731
3.38 623.453 139.814
3.4 626.949 140.905
3.42 630.715 142.002
3.44 634.475 143.107
3.46 638.206 144.218
3.48 641.906 145.337
3.5 645.644 146.462
3.52 649.394 147.595
3.54 652.906 148.735
3.56 656.496 149.882
3.58 659.962 151.036
3.6 663.478 152.197
3.62 667.075 153.366
3.64 670.509 154.542
3.66 674.025 155.726
3.68 677.6 156.917
3.7 681.145 158.115
3.72 684.833 159.321
3.74 688.553 160.535
3.76 692.362 161.756
3.78 696.144 162.985
3.8 699.903 164.221
3.82 703.646 165.466
3.84 707.38 166.718
3.86 710.939 167.978
3.88 714.308 169.246
3.9 717.68 170.522
3.92 721.063 171.806
3.94 724.431 173.097
3.96 727.868 174.397
3.98 731.215 175.706
4 734.569 177.022
4.02 737.924 178.346
4.04 743.189 179.679
4.06 747.085 181.02
4.08 751.534 182.37
4.1 755.393 183.728
4.12 759.162 185.094
4.14 763.736 186.469
4.16 769.901 187.853
4.18 773.649 189.245
4.2 777.231 190.646
4.22 780.914 192.055
4.24 786.263 193.473
4.26 790.144 194.901
4.28 795.276 196.337
4.3 799.104 197.782
4.32 802.901 199.236
4.34 806.827 200.699
4.36 810.722 202.171
4.38 814.621 203.652
4.4 818.603 205.142
4.42 822.55 206.642
4.44 826.592 208.151
4.46 830.457 209.67
4.48 834.109 211.197
4.5 837.812 212.735
4.52 841.584 214.281
4.54 845.349 215.838
4.56 849.808 217.404
4.58 854.373 218.98
4.6 858.18 220.565
4.62 862.21 222.161
4.64 866.196 223.766
4.66 870.111 225.381
4.68 874.145 227.006
4.7 878.108 228.641
4.72 882.867 230.287
4.74 886.877 231.942
4.76 890.737 233.608
4.78 895.291 235.284
4.8 899.812 236.97
4.82 903.595 238.667
4.84 908.105 240.374
4.86 911.832 242.092
4.88 917.033 243.82
4.9 920.913 245.559
4.92 926.333 247.309
4.94 930.319 249.069
4.96 935.192 250.841
4.98 940.945 252.623
