# t   L2_u
0 1.402e-06 0
0.02 0.810193 28.1688
0.04 1.57294 28.5227
0.06 2.4219 28.8791
0.08 3.24323 29.2381
0.1 4.05472 29.5996
0.12 4.8799 29.9637
0.14 5.71044 30.3303
0.16 6.53868 30.6995
0.18 7.36294 31.0714
0.2 8.18676 31.4459
0.22 9.01265 31.823
0.24 9.83983 32.2027
0.26 10.6532 32.5852
0.28 11.4693 32.9703
0.3 12.2756 33.3581
0.32 13.1058 33.7486
0.34 13.9394 34.1419
0.36 14.7845 34.5379
0.38 15.6186 34.9367
0.4 16.4488 35.3382
0.42 17.2721 35.7426
0.44 18.093 36.1498
0.46 18.9269 36.5598
0.48 19.7634 36.9726
0.5 20.5985 37.3883
0.52 21.4411 37.8069
0.54 22.2796 38.2284
0.56 22.304 38.6528
0.58 23.1161 39.0802
0.6 23.9289 39.5105
0.62 24.7798 39.9437
0.64 25.6359 40.38
0.66 26.4394 40.8192
0.68 27.3022 41.2615
0.7 28.1493 41.7068
0.72 28.9593 42.1552
0.74 29.8055 42.6066
0.76 30.5768 43.0612
0.78 31.4309 43.5188
0.8 32.2692 43.9796
0.82 33.0445 44.4435
0.84 33.8217 44.9106
0.86 34.5874 45.3809
0.88 35.3715 45.8544
0.9 36.1482 46.3311
0.92 36.9164 46.811
0.94 37.6844 47.2942
0.96 38.4481 47.7807
0.98 39.2209 48.2705
1 39.9893 48.7636
1.02 40.7655 49.2601
1.04 41.5318 49.7599
1.06 42.3085 50.2631
1.08 43.084 50.7697
1.1 43.8518 51.2797
1.12 44.626 51.7932
1.14 45.4004 52.3101
1.16 46.1702 52.8305
1.18 46.969 53.3544
1.2 47.737 53.8819
1.22 48.5113 54.4128
1.24 49.2862 54.9474
1.26 50.0584 55.4855
1.28 50.8223 56.0272
1.3 51.5943 56.5726
1.32 52.3654 57.1216
1.34 53.1394 57.6743
1.36 53.9187 58.2307
1.38 53.8703 58.7908
1.4 54.6279 59.3546
1.42 55.3979 59.9222
1.44 56.1738 60.4936
1.46 56.9579 61.0688
1.48 57.7335 61.6478
1.5 58.506 62.2307
1.52 59.2846 62.8174
1.54 60.0666 63.408
1.56 60.8281 64.0026
1.58 61.6014 64.6011
1.6 62.3776 65.2035
1.62 63.212 65.81
1.64 64.0233 66.4205
1.66 64.8239 67.035
1.68 65.6282 67.6535
1.7 66.4114 68.2762
1.72 67.155 68.9029
1.74 67.9544 69.5338
1.76 68.7497 70.1689
1.78 69.5234 70.8081
1.8 70.3147 71.4516
1.82 71.1075 72.0992
1.84 71.8955 72.7512
1.86 72.6954 73.4074
1.88 73.4548 74.0679
1.9 74.2528 74.7328
1.92 75.0586 75.402
1.94 75.8535 76.0756
1.96 76.6636 76.7536
1.98 77.4569 77.4361
2 78.2716 78.123
2.02 79.0879 78.8144
2.04 79.8772 79.5103
2.06 80.6646 80.2108
2.08 81.4583 80.9158
2.1 82.26 81.6255
2.12 83.0493 82.3397
2.14 83.8437 83.0586
2.16 84.6532 83.7822
2.18 85.4784 84.5105
2.2 85.4563 85.2436
2.22 86.2612 85.9814
2.24 87.0692 86.724
2.26 87.8697 87.4714
2.28 88.6736 88.2237
2.3 89.4865 88.9808
2.32 90.2913 89.7428
2.34 91.0985 90.5098
2.36 91.9098 91.2818
2.38 92.6784 92.0587
2.4 93.4175 92.8407
2.42 94.1746 93.6277
2.44 94.9522 94.4198
2.46 95.6893 95.217
2.48 96.4411 96.0193
2.5 97.1822 96.8269
2.52 97.9307 97.6396
2.54 98.6696 98.4575
2.56 99.4211 99.2808
2.58 100.184 100.109
2.6 100.927 100.943
2.62 101.681 101.782
2.64 102.448 102.627
2.66 103.193 103.477
2.68 103.928 104.332
2.7 104.702 105.193
2.72 105.451 106.06
2.74 106.186 106.932
2.76 106.933 107.81
2.78 107.685 108.693
2.8 108.449 109.582
2.82 109.204 110.476
2.84 109.97 111.377
2.86 110.707 112.283
2.88 111.457 113.194
2.9 112.205 114.112
2.92 112.953 115.036
2.94 113.698 115.965
2.96 114.433 116.9
2.98 115.175 117.842
3 115.925 118.789
3.02 116.667 119.742
3.04 116.58 120.702
3.06 117.371 121.667
3.08 118.12 122.639
3.1 118.852 123.616
3.12 119.619 124.6
3.14 120.365 125.591
3.16 121.102 126.587
3.18 121.855 127.59
3.2 122.631 128.599
3.22 123.378 129.615
3.24 124.17 130.637
3.26 124.925 131.665
3.28 125.703 132.7
3.3 126.464 133.742
3.32 127.233 134.79
3.34 127.972 135.845
3.36 128.749 136.906
3.38 129.539 137.974
3.4 130.328 139.049
3.42 131.124 140.13
3.44 131.91 141.219
3.46 132.707 142.314
3.48 133.482 143.416
3.5 134.276 144.526
3.52 135.06 145.642
3.54 135.828 146.765
3.56 136.609 147.895
3.58 137.394 149.032
3.6 138.187 150.177
3.62 138.958 151.328
3.64 139.714 152.487
3.66 140.47 153.653
3.68 141.261 154.827
3.7 142.055 156.008
3.72 142.837 157.196
3.74 143.626 158.392
3.76 144.416 159.595
3.78 145.204 160.806
3.8 146.003 162.024
3.82 146.792 163.25
3.84 147.561 164.483
3.86 148.349 165.725
3.88 148.295 166.974
3.9 149.08 168.231
3.92 149.863 169.495
3.94 150.632 170.768
3.96 151.434 172.048
3.98 152.22 173.337
4 152.934 174.633
4.02 153.633 175.938
4.04 154.334 177.251
4.06 155.058 178.572
4.08 155.765 179.901
4.1 156.512 181.239
4.12 157.254 182.584
4.14 158.005 183.938
4.16 158.755 185.301
4.18 159.517 186.672
4.2 160.263 188.052
4.22 161.01 189.44
4.24 161.754 190.837
4.26 162.515 192.242
4.28 163.269 193.656
4.3 164.021 195.079
4.32 164.764 196.511
4.34 165.523 197.952
4.36 166.269 199.401
4.38 167.017 200.86
4.4 167.758 202.327
4.42 168.51 203.804
4.44 169.255 205.29
4.46 170.001 206.785
4.48 170.747 208.289
4.5 171.495 209.803
4.52 172.253 211.326
4.54 173.008 212.858
4.56 173.766 214.4
4.58 174.514 215.951
4.6 175.264 217.512
4.62 176.031 219.082
4.64 176.803 220.663
4.66 177.554 222.253
4.68 178.305 223.852
4.7 179.039 225.462
4.72 179.794 227.082
4.74 179.724 228.711
4.76 180.472 230.351
4.78 181.207 232
4.8 181.948 233.66
4.82 182.742 235.33
4.84 183.543 237.011
4.86 184.339 238.701
4.88 185.162 240.402
4.9 185.952 242.114
4.92 186.79 243.836
4.94 187.612 245.569
4.96 188.465 247.312
4.98 189.261 249.066
