# t   L2_u
0 5.82e-06 0
0.02 0.822301 28.1688
0.04 1.57376 28.5227
0.06 2.36103 28.8791
0.08 3.09278 29.2381
0.1 3.85944 29.5996
0.12 4.6178 29.9637
0.14 5.39483 30.3303
0.16 6.20002 30.6995
0.18 7.00439 31.0714
0.2 7.80843 31.4459
0.22 8.61375 31.823
0.24 9.40894 32.2027
0.26 10.2128 32.5852
0.28 11.0133 32.9703
0.3 11.8017 33.3581
0.32 12.6031 33.7486
0.34 13.4164 34.1419
0.36 14.1978 34.5379
0.38 14.993 34.9367
0.4 15.7828 35.3382
0.42 16.5819 35.7426
0.44 17.3481 36.1498
0.46 18.0858 36.5598
0.48 18.8243 36.9726
0.5 19.5623 37.3883
0.52 20.3086 37.8069
0.54 21.056 38.2284
0.56 21.7897 38.6528
0.58 22.5183 39.0802
0.6 23.2541 39.5105
0.62 23.9886 39.9437
0.64 24.7334 40.38
0.66 25.4765 40.8192
0.68 26.231 41.2615
0.7 26.9842 41.7068
0.72 27.7087 42.1552
0.74 28.4658 42.6066
0.76 29.2128 43.0612
0.78 29.9486 43.5188
0.8 30.683 43.9796
0.82 31.42 44.4435
0.84 32.1716 44.9106
0.86 32.8999 45.3809
0.88 33.6441 45.8544
0.9 34.3786 46.3311
0.92 35.1116 46.811
0.94 35.8746 47.2942
0.96 36.6189 47.7807
0.98 37.3651 48.2705
1 38.0916 48.7636
1.02 38.8089 49.2601
1.04 39.533 49.7599
1.06 40.2988 50.2631
1.08 41.0337 50.7697
1.1 41.7712 51.2797
1.12 42.5405 51.7932
1.14 43.2681 52.3101
1.16 44.0111 52.8305
1.18 44.7499 53.3544
1.2 45.5082 53.8819
1.22 46.2637 54.4128
1.24 46.9997 54.9474
1.26 47.7806 55.4855
1.28 48.5711 56.0272
1.3 49.3696 56.5726
1.32 50.1413 57.1216
1.34 50.9387 57.6743
1.36 51.7276 58.2307
1.38 52.526 58.7908
1.4 53.3205 59.3546
1.42 54.1117 59.9222
1.44 54.9071 60.4936
1.46 55.704 61.0688
1.48 56.4888 61.6478
1.5 57.2928 62.2307
1.52 58.0887 62.8174
1.54 58.8801 63.408
1.56 59.6885 64.0026
1.58 60.4779 64.6011
1.6 61.2796 65.2035
1.62 62.0703 65.81
1.64 62.8687 66.4205
1.66 63.6049 67.035
1.68 64.3494 67.6535
1.7 65.0856 68.2762
1.72 65.8462 68.9029
1.74 66.5822 69.5338
1.76 67.3322 70.1689
1.78 68.0605 70.8081
1.8 68.7974 71.4516
1.82 69.5752 72.0992
1.84 70.3112 72.7512
1.86 71.0613 73.4074
1.88 71.803 74.0679
1.9 72.5696 74.7328
1.92 73.3195 75.402
1.94 74.067 76.0756
1.96 74.8231 76.7536
1.98 75.5688 77.4361
2 76.3195 78.123
2.02 77.0165 78.8144
2.04 77.6584 79.5103
2.06 78.3237 80.2108
2.08 78.9732 80.9158
2.1 79.6237 81.6255
2.12 80.3012 82.3397
2.14 80.9731 83.0586
2.16 81.6318 83.7822
2.18 82.3217 84.5105
2.2 82.9731 85.2436
2.22 83.6403 85.9814
2.24 84.3123 86.724
2.26 84.9793 87.4714
2.28 85.628 88.2237
2.3 86.2949 88.9808
2.32 86.9505 89.7428
2.34 87.5952 90.5098
2.36 88.2664 91.2818
2.38 88.9671 92.0587
2.4 89.6887 92.8407
2.42 90.3511 93.6277
2.44 91.0056 94.4198
2.46 91.6896 95.217
2.48 92.3477 96.0193
2.5 93.0253 96.8269
2.52 93.695 97.6396
2.54 94.3655 98.4575
2.56 95.0519 99.2808
2.58 95.7177 100.109
2.6 96.4115 100.943
2.62 97.0888 101.782
2.64 97.8474 102.627
2.66 98.4989 103.477
2.68 99.2019 104.332
2.7 99.8849 105.193
2.72 100.548 106.06
2.74 101.216 106.932
2.76 101.879 107.81
2.78 102.58 108.693
2.8 103.242 109.582
2.82 103.916 110.476
2.84 104.605 111.377
2.86 105.285 112.283
2.88 105.942 113.194
2.9 106.593 114.112
2.92 107.275 115.036
2.94 108.019 115.965
2.96 108.753 116.9
2.98 109.492 117.842
3 110.244 118.789
3.02 110.99 119.742
3.04 111.738 120.702
3.06 112.478 121.667
3.08 113.223 122.639
3.1 113.968 123.616
3.12 114.672 124.6
3.14 115.393 125.591
3.16 116.124 126.587
3.18 116.86 127.59
3.2 117.597 128.599
3.22 118.339 129.615
3.24 119.097 130.637
3.26 119.841 131.665
3.28 120.6 132.7
3.3 121.342 133.742
3.32 122.089 134.79
3.34 122.836 135.845
3.36 123.579 136.906
3.38 124.32 137.974
3.4 125.053 139.049
3.42 125.779 140.13
3.44 126.475 141.219
3.46 127.23 142.314
3.48 127.968 143.416
3.5 128.707 144.526
3.52 129.422 145.642
3.54 130.134 146.765
3.56 130.869 147.895
3.58 131.608 149.032
3.6 132.353 150.177
3.62 133.111 151.328
3.64 133.867 152.487
3.66 134.589 153.653
3.68 135.317 154.827
3.7 136.086 156.008
3.72 136.806 157.196
3.74 137.482 158.392
3.76 138.179 159.595
3.78 138.893 160.806
3.8 139.612 162.024
3.82 140.329 163.25
3.84 141.023 164.483
3.86 141.715 165.725
3.88 142.41 166.974
3.9 143.12 168.231
3.92 143.818 169.495
3.94 144.525 170.768
3.96 145.222 172.048
3.98 145.926 173.337
4 146.632 174.633
4.02 147.317 175.938
4.04 148.013 177.251
4.06 148.725 178.572
4.08 149.415 179.901
4.1 150.164 181.239
4.12 150.906 182.584
4.14 151.664 183.938
4.16 152.434 185.301
4.18 153.194 186.672
4.2 153.933 188.052
4.22 154.68 189.44
4.24 155.443 190.837
4.26 156.191 192.242
4.28 156.961 193.656
4.3 157.705 195.079
4.32 158.44 196.511
4.34 159.197 197.952
4.36 159.932 199.401
4.38 160.688 200.86
4.4 161.46 202.327
4.42 162.239 203.804
4.44 162.995 205.29
4.46 163.755 206.785
4.48 164.522 208.289
4.5 165.303 209.803
4.52 166.089 211.326
4.54 166.858 212.858
4.56 167.677 214.4
4.58 168.466 215.951
4.6 169.203 217.512
4.62 170.009 219.082
4.64 170.797 220.663
4.66 171.594 222.253
4.68 172.395 223.852
4.7 173.192 225.462
4.72 173.996 227.082
4.74 174.781 228.711
4.76 175.568 230.351
4.78 176.385 232
4.8 177.15 233.66
4.82 177.95 235.33
4.84 178.712 237.011
4.86 179.496 238.701
4.88 180.288 240.402
4.9 181.051 242.114
4.92 181.856 243.836
4.94 182.653 245.569
4.96 183.442 247.312
4.98 184.239 249.066
