# t   L2_u
0 1.586e-06 0
0.02 1.4924 28.4052
0.04 2.95861 28.7627
0.06 4.40672 29.1228
0.08 5.85066 29.4854
0.1 7.31167 29.8506
0.12 8.80327 30.2184
0.14 10.3686 30.5889
0.16 11.8816 30.9619
0.18 13.3829 31.3376
0.2 14.8775 31.716
0.22 16.4092 32.0971
0.24 17.9855 32.4808
0.26 19.5707 32.8672
0.28 21.167 33.2564
0.3 22.7444 33.6483
0.32 24.3255 34.0429
0.34 25.8979 34.4404
0.36 27.4904 34.8406
0.38 29.0722 35.2436
0.4 30.6548 35.6495
0.42 32.2354 36.0582
0.44 33.8251 36.4697
0.46 35.4173 36.8841
0.48 37.0017 37.3014
0.5 38.5916 37.7216
0.52 40.0282 38.1447
0.54 41.485 38.5708
0.56 42.98 38.9998
0.58 44.4677 39.4319
0.6 45.9438 39.8669
0.62 47.388 40.3049
0.64 48.8738 40.7459
0.66 50.3295 41.19
0.68 51.7851 41.6372
0.7 53.2659 42.0874
0.72 54.721 42.5407
0.74 56.2014 42.9972
0.76 57.6669 43.4568
0.78 59.1294 43.9196
0.8 60.5896 44.3855
0.82 62.0556 44.8546
0.84 63.5251 45.327
0.86 64.9677 45.8026
0.88 66.4282 46.2814
0.9 67.9257 46.7635
0.92 69.4658 47.2489
0.94 71.0359 47.7376
0.96 72.5881 48.2297
0.98 74.1714 48.7251
1 75.7599 49.2239
1.02 77.3464 49.726
1.04 78.9394 50.2316
1.06 80.4731 50.7406
1.08 82.0504 51.2531
1.1 83.6098 51.769
1.12 85.1889 52.2884
1.14 86.7257 52.8114
1.16 88.3036 53.3379
1.18 89.8675 53.8679
1.2 91.4466 54.4015
1.22 93.0436 54.9387
1.24 94.6192 55.4796
1.26 96.1968 56.0241
1.28 97.7534 56.5722
1.3 99.214 57.124
1.32 100.593 57.6796
1.34 101.997 58.2389
1.36 103.467 58.8019
1.38 104.998 59.3687
1.4 106.487 59.9393
1.42 107.877 60.5137
1.44 109.291 61.092
1.46 110.698 61.6741
1.48 112.097 62.2601
1.5 113.513 62.85
1.52 114.929 63.4439
1.54 116.327 64.0417
1.56 117.749 64.6435
1.58 119.143 65.2494
1.6 120.53 65.8592
1.62 121.908 66.4731
1.64 123.231 67.0911
1.66 124.526 67.7132
1.68 125.861 68.3394
1.7 127.196 68.9697
1.72 128.532 69.6043
1.74 129.999 70.243
1.76 131.489 70.886
1.78 132.967 71.5332
1.8 134.438 72.1847
1.82 135.925 72.8405
1.84 137.397 73.5006
1.86 138.873 74.1651
1.88 140.32 74.834
1.9 141.808 75.5072
1.92 143.28 76.1849
1.94 144.725 76.8671
1.96 146.194 77.5537
1.98 147.691 78.2449
2 149.171 78.9406
2.02 150.648 79.6408
2.04 152.135 80.3457
2.06 153.626 81.0552
2.08 155.096 81.7693
2.1 156.555 82.4881
2.12 158.02 83.2116
2.14 159.437 83.9398
2.16 160.819 84.6728
2.18 162.198 85.4106
2.2 163.581 86.1532
2.22 164.933 86.9006
2.24 166.332 87.6529
2.26 167.758 88.4101
2.28 169.154 89.1723
2.3 170.574 89.9394
2.32 171.981 90.7115
2.34 173.395 91.4886
2.36 174.816 92.2707
2.38 176.238 93.058
2.4 177.643 93.8504
2.42 179.064 94.6478
2.44 180.503 95.4505
2.46 181.944 96.2584
2.48 183.352 97.0715
2.5 184.748 97.8899
2.52 186.189 98.7135
2.54 187.622 99.5425
2.56 189.026 100.377
2.58 190.502 101.217
2.6 191.996 102.062
2.62 193.443 102.912
2.64 194.944 103.768
2.66 196.386 104.63
2.68 197.871 105.497
2.7 199.368 106.37
2.72 200.864 107.248
2.74 202.317 108.132
2.76 203.774 109.022
2.78 205.257 109.917
2.8 206.742 110.819
2.82 208.231 111.726
2.84 209.669 112.638
2.86 211.139 113.557
2.88 212.622 114.482
2.9 214.118 115.412
2.92 215.596 116.348
2.94 217.067 117.291
2.96 218.507 118.239
2.98 219.919 119.194
3 221.347 120.154
3.02 222.739 121.121
3.04 224.105 122.094
3.06 225.578 123.073
3.08 227.012 124.059
3.1 228.462 125.05
3.12 229.83 126.048
3.14 231.237 127.053
3.16 232.647 128.063
3.18 234.082 129.08
3.2 235.512 130.104
3.22 236.87 131.134
3.24 238.251 132.171
3.26 239.685 133.214
3.28 241.109 134.264
3.3 242.463 135.321
3.32 243.872 136.384
3.34 245.228 137.454
3.36 246.653 138.531
3.38 248.078 139.615
3.4 249.561 140.705
3.42 251.061 141.803
3.44 252.555 142.907
3.46 254.048 144.018
3.48 255.526 145.137
3.5 256.984 146.262
3.52 258.475 147.395
3.54 259.964 148.534
3.56 261.453 149.681
3.58 262.953 150.836
3.6 264.432 151.997
3.62 265.943 153.166
3.64 267.419 154.342
3.66 268.904 155.526
3.68 270.373 156.717
3.7 271.871 157.915
3.72 273.368 159.121
3.74 274.847 160.335
3.76 276.305 161.556
3.78 277.766 162.785
3.8 279.184 164.022
3.82 280.536 165.266
3.84 281.905 166.519
3.86 283.249 167.779
3.88 284.582 169.047
3.9 285.936 170.323
3.92 287.261 171.607
3.94 288.611 172.899
3.96 289.968 174.199
3.98 291.301 175.507
4 292.66 176.824
4.02 293.973 178.149
4.04 295.301 179.482
4.06 296.733 180.823
4.08 298.158 182.173
4.1 299.615 183.531
4.12 301.024 184.898
4.14 302.474 186.273
4.16 303.897 187.657
4.18 305.347 189.049
4.2 306.792 190.451
4.22 308.217 191.86
4.24 309.794 193.279
4.26 311.388 194.707
4.28 312.972 196.143
4.3 314.554 197.589
4.32 316.143 199.043
4.34 317.729 200.506
4.36 319.3 201.979
4.38 320.897 203.461
4.4 322.477 204.952
4.42 324.047 206.452
4.44 325.637 207.961
4.46 327.231 209.48
4.48 328.825 211.009
4.5 330.396 212.546
4.52 331.981 214.094
4.54 333.56 215.651
4.56 335.112 217.217
4.58 336.7 218.794
4.6 338.29 220.38
4.62 339.714 221.976
4.64 341.184 223.582
4.66 342.659 225.198
4.68 344.105 226.824
4.7 345.558 228.459
4.72 347.008 230.105
4.74 348.441 231.762
4.76 349.858 233.428
4.78 351.309 235.105
4.8 352.756 236.792
4.82 354.199 238.49
4.84 355.617 240.198
4.86 356.992 241.916
4.88 358.402 243.645
4.9 359.824 245.385
4.92 361.261 247.136
4.94 362.687 248.897
4.96 364.091 250.67
4.98 365.512 252.453
