# t   L2_u
0 1.73e-06 0
0.02 0.851705 28.1688
0.04 1.69421 28.5234
0.06 2.52329 28.8805
0.08 3.33507 29.2402
0.1 4.10983 29.6025
0.12 4.93139 29.9673
0.14 5.80719 30.3347
0.16 6.64515 30.7047
0.18 7.49453 31.0774
0.2 8.3357 31.4526
0.22 9.15413 31.8305
0.24 9.95682 32.2111
0.26 10.7622 32.5944
0.28 11.5588 32.9803
0.3 12.3265 33.369
0.32 13.1252 33.7604
0.34 13.9128 34.1545
0.36 14.6521 34.5514
0.38 15.421 34.9511
0.4 16.1757 35.3535
0.42 16.9588 35.7588
0.44 17.7276 36.1669
0.46 18.5245 36.5778
0.48 19.2916 36.9916
0.5 20.0421 37.4083
0.52 20.8197 37.8279
0.54 21.5869 38.2504
0.56 22.3193 38.6758
0.58 23.1236 39.1041
0.6 23.86 39.5355
0.62 24.6089 39.9698
0.64 25.3874 40.4071
0.66 26.1474 40.8474
0.68 26.9185 41.2907
0.7 27.6522 41.7371
0.72 28.4343 42.1866
0.74 29.2097 42.6392
0.76 29.9987 43.0948
0.78 30.748 43.5536
0.8 31.5142 44.0156
0.82 32.2923 44.4807
0.84 33.0674 44.9489
0.86 33.8492 45.4204
0.88 34.643 45.8951
0.9 35.4431 46.3731
0.92 36.1968 46.8543
0.94 36.9821 47.3387
0.96 37.7541 47.8265
0.98 38.5436 48.3176
1 39.2872 48.812
1.02 40.033 49.3098
1.04 40.789 49.811
1.06 41.5843 50.3155
1.08 42.3408 50.8235
1.1 43.1387 51.3349
1.12 43.9207 51.8497
1.14 44.7295 52.3681
1.16 45.5424 52.8899
1.18 46.3389 53.4153
1.2 47.14 53.9442
1.22 47.9687 54.4766
1.24 48.7911 55.0127
1.26 49.6184 55.5523
1.28 50.4001 56.0956
1.3 51.2245 56.6425
1.32 52.0272 57.1931
1.34 52.8413 57.7473
1.36 53.6683 58.3053
1.38 54.4905 58.867
1.4 55.3205 59.4325
1.42 56.1442 60.0018
1.44 56.9691 60.5748
1.46 57.7856 61.1517
1.48 58.5995 61.7324
1.5 59.41 62.317
1.52 60.2349 62.9055
1.54 61.0322 63.4979
1.56 61.8513 64.0943
1.58 62.6777 64.6946
1.6 63.4914 65.2989
1.62 64.3155 65.9072
1.64 65.0774 66.5195
1.66 65.8491 67.1359
1.68 66.6229 67.7563
1.7 67.3854 68.3809
1.72 68.1535 69.0096
1.74 68.9274 69.6425
1.76 69.6876 70.2795
1.78 70.4474 70.9208
1.8 71.1913 71.5662
1.82 71.9565 72.216
1.84 72.7087 72.87
1.86 73.4607 73.5283
1.88 74.2266 74.1909
1.9 74.9431 74.8579
1.92 75.6421 75.5293
1.94 76.3199 76.2051
1.96 77.0131 76.8853
1.98 77.7033 77.57
2 78.401 78.2592
2.02 79.0932 78.9529
2.04 79.7877 79.6511
2.06 80.475 80.3539
2.08 81.1937 81.0613
2.1 81.8904 81.7733
2.12 82.5937 82.4899
2.14 83.3005 83.2113
2.16 83.9788 83.9373
2.18 84.6621 84.6681
2.2 85.3625 85.4036
2.22 86.0798 86.1439
2.24 86.7749 86.8891
2.26 87.4776 87.6391
2.28 88.1693 88.3939
2.3 88.8849 89.1537
2.32 89.6014 89.9184
2.34 90.292 90.688
2.36 90.9741 91.4627
2.38 91.6699 92.2423
2.4 92.3596 93.027
2.42 93.0436 93.8168
2.44 93.7329 94.6117
2.46 94.4126 95.4118
2.48 95.1 96.217
2.5 95.8166 97.0274
2.52 96.5025 97.8431
2.54 97.2351 98.664
2.56 97.9324 99.4902
2.58 98.6247 100.322
2.6 99.3317 101.159
2.62 100.027 102.001
2.64 100.715 102.849
2.66 101.422 103.702
2.68 102.111 104.56
2.7 102.81 105.425
2.72 103.531 106.294
2.74 104.257 107.17
2.76 105.022 108.05
2.78 105.797 108.937
2.8 106.524 109.829
2.82 107.282 110.727
2.84 108.032 111.631
2.86 108.819 112.54
2.88 109.599 113.456
2.9 110.365 114.377
2.92 111.134 115.304
2.94 111.887 116.237
2.96 112.637 117.176
2.98 113.397 118.121
3 114.141 119.072
3.02 114.884 120.029
3.04 115.657 120.992
3.06 116.422 121.961
3.08 117.172 122.936
3.1 117.934 123.918
3.12 118.718 124.906
3.14 119.5 125.9
3.16 120.269 126.901
3.18 121.026 127.907
3.2 121.806 128.921
3.22 122.573 129.94
3.24 123.339 130.966
3.26 124.119 131.999
3.28 124.882 133.038
3.3 125.662 134.084
3.32 126.427 135.136
3.34 127.204 136.195
3.36 127.976 137.261
3.38 128.749 138.334
3.4 129.514 139.413
3.42 130.274 140.499
3.44 131.028 141.592
3.46 131.8 142.692
3.48 132.559 143.798
3.5 133.305 144.912
3.52 134.066 146.033
3.54 134.761 147.161
3.56 135.457 148.296
3.58 136.152 149.438
3.6 136.885 150.587
3.62 137.644 151.744
3.64 138.383 152.908
3.66 139.095 154.079
3.68 139.811 155.257
3.7 140.516 156.443
3.72 141.248 157.636
3.74 141.949 158.837
3.76 142.663 160.046
3.78 143.375 161.262
3.8 144.093 162.485
3.82 144.822 163.716
3.84 145.521 164.955
3.86 146.216 166.202
3.88 146.933 167.457
3.9 147.662 168.719
3.92 148.389 169.989
3.94 149.122 171.268
3.96 149.815 172.554
3.98 150.521 173.848
4 151.243 175.151
4.02 151.976 176.461
4.04 152.676 177.78
4.06 153.395 179.107
4.08 154.098 180.442
4.1 154.877 181.785
4.12 155.625 183.137
4.14 156.407 184.498
4.16 157.15 185.866
4.18 157.934 187.244
4.2 158.7 188.63
4.22 159.47 190.024
4.24 160.242 191.427
4.26 161.023 192.839
4.28 161.762 194.26
4.3 162.485 195.689
4.32 163.253 197.128
4.34 164.015 198.575
4.36 164.852 200.032
4.38 165.692 201.497
4.4 166.492 202.971
4.42 167.328 204.455
4.44 168.149 205.948
4.46 168.985 207.45
4.48 169.819 208.961
4.5 170.649 210.482
4.52 171.481 212.012
4.54 172.304 213.552
4.56 173.131 215.101
4.58 173.955 216.66
4.6 174.783 218.228
4.62 175.6 219.806
4.64 176.427 221.394
4.66 177.239 222.992
4.68 178.061 224.599
4.7 178.894 226.217
4.72 179.714 227.844
4.74 180.55 229.482
4.76 181.363 231.13
4.78 182.193 232.787
4.8 183.023 234.455
4.82 183.851 236.134
4.84 184.676 237.822
4.86 185.485 239.521
4.88 186.316 241.231
4.9 187.145 242.951
4.92 187.964 244.682
4.94 188.771 246.423
4.96 189.596 248.175
4.98 190.439 249.938
