# t   L2_u
0 1.505e-06 0
0.02 3.05262 28.3463
0.04 6.08453 28.7027
0.06 9.14119 29.0616
0.08 12.2578 29.4231
0.1 15.3028 29.7872
0.12 18.271 30.1538
0.14 21.3077 30.523
0.16 24.3829 30.8949
0.18 27.2439 31.2694
0.2 30.0957 31.6465
0.22 32.9496 32.0263
0.24 35.8026 32.4087
0.26 38.7017 32.7939
0.28 41.5581 33.1818
0.3 44.4231 33.5724
0.32 47.2941 33.9657
0.34 50.1603 34.3618
0.36 53.027 34.7607
0.38 55.8687 35.1623
0.4 58.7313 35.5668
0.42 61.607 35.9741
0.44 64.6579 36.3842
0.46 67.7206 36.7972
0.48 70.8705 37.2131
0.5 74.003 37.6318
0.52 77.1714 38.0535
0.54 80.2374 38.4781
0.56 83.301 38.9056
0.58 86.2172 39.3361
0.6 89.1035 39.7696
0.62 92.0498 40.2061
0.64 94.9801 40.6455
0.66 97.8325 41.0881
0.68 100.766 41.5336
0.7 103.758 41.9822
0.72 106.729 42.434
0.74 109.673 42.8888
0.76 112.627 43.3467
0.78 115.651 43.8078
0.8 118.811 44.2721
0.82 121.776 44.7395
0.84 124.851 45.2101
0.86 128.071 45.6839
0.88 131.233 46.161
0.9 134.348 46.6413
0.92 137.478 47.1249
0.94 140.595 47.6118
0.96 143.778 48.102
0.98 146.731 48.5956
1 149.56 49.0925
1.02 152.394 49.5928
1.04 155.23 50.0964
1.06 158.066 50.6035
1.08 160.908 51.114
1.1 163.743 51.628
1.12 166.631 52.1454
1.14 169.476 52.6664
1.16 172.352 53.1908
1.18 175.233 53.7188
1.2 178.141 54.2503
1.22 181.144 54.7855
1.24 184.366 55.3242
1.26 187.596 55.8666
1.28 190.751 56.4125
1.3 193.899 56.9622
1.32 197.199 57.5156
1.34 200.377 58.0726
1.36 203.623 58.6334
1.38 206.65 59.1979
1.4 209.634 59.7663
1.42 212.612 60.3384
1.44 215.658 60.9143
1.46 218.61 61.4941
1.48 221.63 62.0778
1.5 224.582 62.6653
1.52 227.576 63.2567
1.54 230.559 63.8521
1.56 233.58 64.4515
1.58 236.659 65.0548
1.6 239.835 65.6621
1.62 243.053 66.2735
1.64 245.891 66.8889
1.66 248.848 67.5084
1.68 251.572 68.132
1.7 254.439 68.7598
1.72 257.378 69.3917
1.74 260.307 70.0277
1.76 263.287 70.668
1.78 266.091 71.3125
1.8 268.793 71.9612
1.82 271.517 72.6142
1.84 274.239 73.2715
1.86 276.965 73.9332
1.88 279.714 74.5992
1.9 282.418 75.2696
1.92 285.234 75.9444
1.94 287.923 76.6236
1.96 290.714 77.3073
1.98 293.513 77.9954
2 296.359 78.6881
2.02 299.249 79.3853
2.04 302.191 80.0871
2.06 305.136 80.7934
2.08 308.06 81.5044
2.1 310.906 82.22
2.12 313.71 82.9404
2.14 316.62 83.6654
2.16 319.564 84.3951
2.18 322.456 85.1296
2.2 325.443 85.8689
2.22 328.224 86.613
2.24 331.078 87.3619
2.26 333.918 88.1157
2.28 336.713 88.8744
2.3 339.517 89.6381
2.32 342.294 90.4067
2.34 344.976 91.1803
2.36 347.814 91.9589
2.38 350.65 92.7425
2.4 353.423 93.5313
2.42 356.283 94.3251
2.44 359.3 95.1241
2.46 362.15 95.9282
2.48 365.075 96.7376
2.5 368.021 97.5521
2.52 370.903 98.372
2.54 373.826 99.1971
2.56 376.905 100.028
2.58 379.921 100.863
2.6 382.891 101.705
2.62 385.742 102.551
2.64 388.455 103.403
2.66 391.235 104.261
2.68 393.956 105.124
2.7 396.756 105.992
2.72 399.491 106.867
2.74 402.233 107.746
2.76 405.063 108.632
2.78 407.82 109.523
2.8 410.603 110.42
2.82 413.321 111.322
2.84 416.171 112.231
2.86 419.102 113.145
2.88 422.048 114.065
2.9 425.04 114.991
2.92 427.937 115.923
2.94 430.927 116.861
2.96 433.894 117.804
2.98 436.823 118.754
3 439.708 119.71
3.02 442.658 120.672
3.04 445.692 121.64
3.06 448.572 122.615
3.08 451.407 123.595
3.1 454.166 124.582
3.12 456.944 125.575
3.14 459.75 126.574
3.16 462.543 127.58
3.18 465.273 128.592
3.2 468.068 129.61
3.22 470.831 130.635
3.24 473.636 131.667
3.26 476.538 132.705
3.28 479.558 133.749
3.3 482.509 134.801
3.32 485.496 135.859
3.34 488.52 136.923
3.36 491.529 137.994
3.38 494.533 139.073
3.4 497.526 140.157
3.42 500.536 141.249
3.44 503.425 142.348
3.46 506.299 143.454
3.48 508.989 144.566
3.5 511.766 145.686
3.52 514.548 146.812
3.54 517.255 147.946
3.56 519.981 149.087
3.58 522.72 150.235
3.6 525.482 151.391
3.62 528.228 152.553
3.64 531.034 153.723
3.66 533.795 154.901
3.68 536.712 156.085
3.7 539.675 157.278
3.72 542.579 158.477
3.74 545.53 159.684
3.76 548.61 160.899
3.78 551.646 162.122
3.8 554.621 163.352
3.82 557.62 164.589
3.84 560.549 165.835
3.86 563.529 167.088
3.88 566.443 168.35
3.9 569.226 169.619
3.92 572.038 170.896
3.94 574.866 172.181
3.96 577.686 173.474
3.98 580.455 174.775
4 583.264 176.084
4.02 586.054 177.402
4.04 588.813 178.728
4.06 591.624 180.062
4.08 595.36 181.404
4.1 600.121 182.755
4.12 603.302 184.114
4.14 607.255 185.481
4.16 610.368 186.858
4.18 613.513 188.242
4.2 617.517 189.636
4.22 621.473 191.038
4.24 625.335 192.448
4.26 629.621 193.868
4.28 633.201 195.296
4.3 636.772 196.733
4.32 641.795 198.18
4.34 645.37 199.635
4.36 648.207 201.099
4.38 651.755 202.572
4.4 655.381 204.055
4.42 659.316 205.546
4.44 662.387 207.047
4.46 666.29 208.558
4.48 671.073 210.077
4.5 675.837 211.606
4.52 679.824 213.145
4.54 683.027 214.693
4.56 687.643 216.25
4.58 691.442 217.817
4.6 695.289 219.394
4.62 699.081 220.981
4.64 702.841 222.578
4.66 706.608 224.184
4.68 711.869 225.8
4.7 715.601 227.427
4.72 719.556 229.063
4.74 723.519 230.709
4.76 727.542 232.366
4.78 731.516 234.033
4.8 735.473 235.71
4.82 739.428 237.398
4.84 744.213 239.096
4.86 747.96 240.804
4.88 753.407 242.523
4.9 757.278 244.252
4.92 761.899 245.993
4.94 765.645 247.743
4.96 769.518 249.505
4.98 774.018 251.278
