# t   L2_u
0 1.495e-06 0
0.02 7.31795 28.2428
0.04 14.6342 28.598
0.06 22.1125 28.9558
0.08 29.8253 29.3161
0.1 37.6671 29.6789
0.12 45.4566 30.0444
0.14 52.6337 30.4124
0.16 59.8463 30.7831
0.18 67.0064 31.1563
0.2 74.2452 31.5322
0.22 81.3978 31.9108
0.24 89.1406 32.292
0.26 96.8097 32.6759
0.28 104.853 33.0625
0.3 112.63 33.4518
0.32 120.173 33.8438
0.34 127.515 34.2386
0.36 134.853 34.6361
0.38 142.417 35.0365
0.4 150.121 35.4396
0.42 158.12 35.8455
0.44 165.933 36.2543
0.46 173.629 36.6659
0.48 180.779 37.0804
0.5 187.936 37.4977
0.52 195.155 37.918
0.54 202.268 38.3411
0.56 210.11 38.7672
0.58 217.927 39.1963
0.6 225.751 39.6283
0.62 233.599 40.0632
0.64 240.819 40.5012
0.66 248.232 40.9422
0.68 255.626 41.3863
0.7 262.914 41.8334
0.72 270.484 42.2836
0.74 278.25 42.7368
0.76 286.114 43.1932
0.78 293.782 43.6527
0.8 300.986 44.1153
0.82 308.183 44.5811
0.84 315.502 45.0501
0.86 322.864 45.5223
0.88 330.801 45.9978
0.9 338.804 46.4764
0.92 346.614 46.9583
0.94 354.409 47.4435
0.96 361.905 47.932
0.98 369.313 48.4239
1 376.851 48.919
1.02 384.35 49.4175
1.04 392.35 49.9194
1.06 400.009 50.4247
1.08 407.779 50.9334
1.1 415.366 51.4456
1.12 422.538 51.9612
1.14 429.791 52.4803
1.16 436.897 53.0029
1.18 444.112 53.529
1.2 452.155 54.0586
1.22 460.173 54.5919
1.24 467.813 55.1287
1.26 475.584 55.6691
1.28 483.125 56.2131
1.3 490.75 56.7608
1.32 498.23 57.3122
1.34 505.791 57.8672
1.36 513.681 58.426
1.38 521.386 58.9885
1.4 529.277 59.5548
1.42 536.706 60.1248
1.44 543.936 60.6986
1.46 551.181 61.2763
1.48 558.483 61.8578
1.5 565.796 62.4432
1.52 573.51 63.0325
1.54 581.156 63.6257
1.56 588.876 64.2229
1.58 596.504 64.824
1.6 603.838 65.4291
1.62 611.081 66.0382
1.64 618.102 66.6514
1.66 625.252 67.2686
1.68 632.732 67.8899
1.7 639.824 68.5153
1.72 647.1 69.1448
1.74 654.116 69.7785
1.76 660.872 70.4164
1.78 667.691 71.0585
1.8 674.735 71.7048
1.82 681.633 72.3554
1.84 689.115 73.0102
1.86 696.617 73.6694
1.88 703.961 74.3329
1.9 711.297 75.0008
1.92 718.055 75.673
1.94 724.947 76.3497
1.96 731.973 77.0307
1.98 738.778 77.7163
2 745.944 78.4063
2.02 753.199 79.1009
2.04 760.557 79.8
2.06 767.994 80.5037
2.08 775.257 81.2119
2.1 782.201 81.9248
2.12 789.129 82.6424
2.14 795.993 83.3646
2.16 802.808 84.0915
2.18 810.176 84.8232
2.2 817.586 85.5596
2.22 825.057 86.3009
2.24 832.55 87.0469
2.26 839.697 87.7978
2.28 846.802 88.5536
2.3 854.025 89.3143
2.32 860.961 90.0799
2.34 868.172 90.8504
2.36 875.374 91.626
2.38 882.509 92.4066
2.4 889.934 93.1923
2.42 897.007 93.983
2.44 903.792 94.7788
2.46 910.704 95.5798
2.48 917.581 96.386
2.5 924.851 97.1973
2.52 931.888 98.0139
2.54 939.064 98.8358
2.56 946.048 99.663
2.58 953.478 100.495
2.6 960.605 101.333
2.62 967.513 102.177
2.64 974.329 103.025
2.66 981.53 103.879
2.68 988.612 104.739
2.7 995.772 105.604
2.72 1002.89 106.475
2.74 1010.02 107.351
2.76 1017.25 108.233
2.78 1024.23 109.121
2.8 1031.16 110.014
2.82 1038.32 110.913
2.84 1045.88 111.817
2.86 1052.98 112.728
2.88 1060.02 113.644
2.9 1067.5 114.566
2.92 1074.95 115.494
2.94 1082.24 116.428
2.96 1089.21 117.368
2.98 1096.26 118.314
3 1103.35 119.266
3.02 1110.46 120.224
3.04 1117.79 121.188
3.06 1125.16 122.159
3.08 1132.27 123.135
3.1 1138.96 124.118
3.12 1145.69 125.107
3.14 1152.69 126.102
3.16 1159.69 127.104
3.18 1166.98 128.111
3.2 1174.47 129.126
3.22 1181.95 130.146
3.24 1189.38 131.174
3.26 1196.83 132.207
3.28 1204.23 133.247
3.3 1211.43 134.294
3.32 1218.45 135.348
3.34 1225.63 136.408
3.36 1232.98 137.475
3.38 1240.27 138.548
3.4 1247.58 139.629
3.42 1254.73 140.716
3.44 1261.37 141.81
3.46 1268.16 142.911
3.48 1274.95 144.019
3.5 1282.24 145.134
3.52 1289.45 146.255
3.54 1296.91 147.384
3.56 1304.18 148.521
3.58 1311.54 149.664
3.6 1319.01 150.814
3.62 1326.27 151.972
3.64 1333.53 153.137
3.66 1340.81 154.309
3.68 1348.21 155.489
3.7 1355.6 156.676
3.72 1363.08 157.87
3.74 1370.47 159.072
3.76 1377.58 160.282
3.78 1384.71 161.499
3.8 1391.86 162.724
3.82 1399 163.956
3.84 1406.21 165.196
3.86 1413.59 166.444
3.88 1421.01 167.7
3.9 1428.38 168.964
3.92 1435.49 170.235
3.94 1442.42 171.514
3.96 1449.34 172.802
3.98 1456.2 174.097
4 1463.27 175.401
4.02 1470.78 176.713
4.04 1478.74 178.033
4.06 1486.52 179.361
4.08 1494.95 180.697
4.1 1502.29 182.042
4.12 1509.58 183.395
4.14 1516.87 184.756
4.16 1525.94 186.126
4.18 1535.51 187.505
4.2 1543.48 188.892
4.22 1551.47 190.288
4.24 1559 191.692
4.26 1566.42 193.106
4.28 1574.57 194.528
4.3 1582 195.958
4.32 1590.66 197.398
4.34 1598.44 198.847
4.36 1608 200.304
4.38 1615.53 201.771
4.4 1622.67 203.247
4.42 1629.82 204.732
4.44 1636.91 206.226
4.46 1644.2 207.729
4.48 1651.97 209.242
4.5 1661.28 210.764
4.52 1669.11 212.295
4.54 1678.18 213.836
4.56 1685.69 215.387
4.58 1693.24 216.947
4.6 1700.79 218.517
4.62 1710.99 220.096
4.64 1718.95 221.685
4.66 1728.54 223.284
4.68 1737.16 224.893
4.7 1748.75 226.512
4.72 1756.34 228.141
4.74 1764.83 229.78
4.76 1772.98 231.429
4.78 1780.99 233.088
4.8 1792.2 234.757
4.82 1802.46 236.437
4.84 1809.7 238.127
4.86 1819.2 239.827
4.88 1829.26 241.538
4.9 1837.21 243.26
4.92 1845.23 244.992
4.94 1853.2 246.735
4.96 1860.43 248.488
4.98 1867.79 250.252
