FiniteElementSpace
FiniteElementCollection: H1_3D_P1
VDim: 3
Ordering: 1

0.11731118 -0.019195237 0.35590466
0.14445002 -0.039218877 0.64767286
0.15330607 -0.061131272 0.97813123
0.13206106 -0.026957706 0.35176975
0.16348831 -0.043037645 0.64236834
0.17477045 -0.061791627 0.97237317
-0.13274345 -0.022733541 0.35569021
-0.16329024 -0.037812948 0.6472956
-0.17320804 -0.055863934 0.9778262
-0.14317414 -0.033694273 0.64170116
-0.15275147 -0.055200306 0.9718449
0.096929714 -0.010751054 0.23662147
0.13315972 -0.028791 0.49454328
0.12489107 -0.022886662 0.35571982
0.14196348 -0.031537826 0.49354274
-0.0074916123 -0.020969666 0.3532226
-0.0084927583 -0.029266085 0.49247667
0.00022878602 -0.020779398 0.35300128
0.00030239171 -0.029121602 0.49145415
0.15113582 -0.05014257 0.81040383
0.15417598 -0.041022366 0.64594178
0.16151563 -0.051036661 0.80807408
-0.0091809026 -0.038484671 0.64621963
-0.0095260682 -0.048316346 0.8095892
0.00037973627 -0.03838505 0.64448086
0.0004749756 -0.04826756 0.80725049
0.16417587 -0.061320051 0.97555967
-0.0096641274 -0.058469029 0.97724053
0.00051752999 -0.058447167 0.97474633
0.15035116 -0.034578975 0.48974272
0.0079506659 -0.020955733 0.34870732
0.0090968961 -0.029252117 0.48737173
0.17152611 -0.052056677 0.80476822
0.0099408625 -0.038468594 0.64068643
0.010490117 -0.048304819 0.80378291
0.010703552 -0.058464591 0.97155058
-0.15059733 -0.02976746 0.49425217
-0.12443548 -0.018552244 0.35531978
-0.14136066 -0.026615921 0.49314304
-0.17084823 -0.046580295 0.80996416
-0.15343629 -0.035686192 0.64553489
-0.16069616 -0.045447663 0.80766904
-0.16319778 -0.055556175 0.97517534
-0.13171029 -0.023685888 0.48900476
-0.15015376 -0.044368739 0.80418933
0.10768472 -0.014808521 0.29353886
0.1258038 -0.023869323 0.42310883
0.12121176 -0.020968881 0.35624478
0.13003701 -0.025414731 0.4231849
0.054109654 -0.019828073 0.35397306
0.058102762 -0.024200045 0.42140684
0.058114853 -0.020816835 0.3542917
0.062404299 -0.025063888 0.42146328
0.13937643 -0.033920914 0.56960069
0.14837316 -0.044642072 0.72814718
0.14944968 -0.040078551 0.64702128
0.1535573 -0.045275831 0.72728158
0.06689804 -0.038709814 0.64666208
0.068762969 -0.043881715 0.72737249
0.071855321 -0.039196796 0.64599556
0.073862713 -0.04424357 0.72649167
0.15274485 -0.055665599 0.89384929
0.1589903 -0.061155907 0.97685967
0.071087204 -0.059838296 0.9775391
0.076486744 -0.059833006 0.97638545
0.12852126 -0.024918243 0.35420497
0.14185108 -0.030644975 0.41862061
0.069339895 -0.024229099 0.3495337
0.074523268 -0.028047294 0.41664333
0.15314628 -0.037456568 0.56665273
0.15885115 -0.042027858 0.64437136
0.15756257 -0.038722178 0.56452811
0.16813577 -0.047491081 0.72265268
0.085982108 -0.040894364 0.64116663
0.088445178 -0.045515756 0.72171087
0.16847672 -0.056461067 0.8898093
0.16929664 -0.061590773 0.97407925
0.17371846 -0.056740495 0.88812698
0.091912588 -0.060103556 0.97195296
-0.069177807 -0.022093838 0.35378761
-0.14231543 -0.026105404 0.42285715
-0.12852914 -0.020635199 0.35602225
-0.13785647 -0.024265175 0.4229387
-0.082340995 -0.033876161 0.56814137
-0.085356329 -0.038261617 0.64642822
-0.15758864 -0.033682301 0.56926764
-0.16770631 -0.042123392 0.72772864
-0.15832781 -0.036746044 0.64668996
-0.16265571 -0.041311303 0.72692063
-0.090194621 -0.052252915 0.8933245
-0.090458726 -0.057104782 0.97761626
-0.17273094 -0.051157379 0.89342614
-0.16826783 -0.055754721 0.97657733
-0.068485346 -0.031708547 0.56505374
-0.071020475 -0.036520586 0.64302459
-0.063647319 -0.031067467 0.56276972
-0.066020638 -0.036003306 0.64087404
-0.14320221 -0.02978587 0.56611084
-0.1484942 -0.034668782 0.64385099
-0.13800715 -0.028584906 0.56382581
-0.14721865 -0.038971627 0.7220235
-0.075182402 -0.051765195 0.8892045
-0.075480582 -0.056921057 0.9733527
-0.069994779 -0.051620036 0.88743064
-0.070337075 -0.056867709 0.97159497
-0.15741032 -0.050136725 0.88936725
-0.15805117 -0.055349656 0.97358774
-0.15199772 -0.049821164 0.88761537
0.11121131 -0.016809479 0.29415209
0.049588039 -0.015753104 0.29137779
0.053256248 -0.016865997 0.29196751
0.13768611 -0.030107754 0.49436542
0.061565919 -0.028830102 0.49307099
0.066124536 -0.029568564 0.49287528
0.14415782 -0.035008886 0.56917976
0.064498083 -0.033679596 0.5683584
0.069275179 -0.034292355 0.56792133
0.13403453 -0.027088778 0.4225061
0.06190375 -0.02184762 0.35371348
0.066493933 -0.025964508 0.42073781
0.13798182 -0.028863711 0.42096255
0.065626897 -0.022967607 0.35214387
0.070516704 -0.026943887 0.41914509
0.070476452 -0.030338891 0.49201231
0.14867764 -0.036195238 0.56822333
0.073851375 -0.034932293 0.56693083
0.14619001 -0.03305585 0.49198083
0.074761182 -0.03117759 0.4904067
0.078360795 -0.035630321 0.56532179
-0.0080306212 -0.0249834 0.42073488
-0.0036055712 -0.020814994 0.35363289
-0.0038563709 -0.024847342 0.42087476
-0.074249709 -0.025754183 0.42121304
-0.065359454 -0.02082265 0.35418862
-0.070151109 -0.024641114 0.42134828
-0.0040687581 -0.029148411 0.49235624
-0.0088769555 -0.03377932 0.56784062
-0.0042417844 -0.033679889 0.56747081
-0.078637974 -0.029694326 0.4928669
-0.074296887 -0.028739402 0.49274645
-0.077795896 -0.033079277 0.56777635
0.00026552731 -0.024816223 0.42010304
0.0040633769 -0.020815144 0.35137859
0.0043874619 -0.024847575 0.41846281
-0.061446345 -0.019692121 0.35352123
-0.065963306 -0.023651309 0.4205464
-0.06170851 -0.022730257 0.41885488
0.00034005416 -0.033657236 0.56644852
0.0046734804 -0.029148389 0.48980663
0.0049219912 -0.033679322 0.56480326
-0.069872586 -0.027890048 0.49181997
-0.073173981 -0.032370028 0.56673573
-0.065381291 -0.027098959 0.49012831
0.15647879 -0.05055702 0.80935116
0.070083562 -0.049156331 0.80986822
0.075291998 -0.049394286 0.80879839
0.15824388 -0.055871729 0.89265543
0.070839986 -0.054496458 0.89349214
0.076140402 -0.054607511 0.89229248
0.15845597 -0.045981088 0.72609232
0.076618103 -0.039706431 0.64488807
0.07877434 -0.044623977 0.72527988
0.16330519 -0.046733005 0.72452993
0.081315814 -0.040263861 0.64328398
0.083625321 -0.045041085 0.72368748
0.08031414 -0.049650398 0.80750318
0.16337677 -0.056162559 0.8913323
0.081235701 -0.054755056 0.89095713
0.16651037 -0.051542159 0.80652709
0.085284448 -0.04992926 0.80592783
0.086286617 -0.054912933 0.8894101
-0.0093996515 -0.04334338 0.72700634
-0.0043736451 -0.038403601 0.64561254
-0.0044607912 -0.043281577 0.72617653
-0.087679145 -0.042812335 0.7271193
-0.080646423 -0.037622571 0.64583118
-0.082844884 -0.042330953 0.72630575
-0.0044989321 -0.04827611 0.80855732
-0.0095734255 -0.053367623 0.89331113
-0.0044994615 -0.053348585 0.89212185
-0.089299065 -0.047489097 0.80961115
-0.084384305 -0.047165984 0.8086019
-0.085258251 -0.05209204 0.89214384
0.00042378534 -0.043267489 0.72494817
0.0051339406 -0.038402362 0.64284645
0.0053108827 -0.043280263 0.72333143
-0.075866555 -0.037052886 0.64468775
-0.077947681 -0.041899842 0.72507268
-0.072985302 -0.041496211 0.72343613
0.0005249308 -0.053345692 0.89077086
0.0054539007 -0.048276968 0.80565513
0.0055557453 -0.053354309 0.88920006
-0.0794112 -0.046870653 0.80729602
-0.080250705 -0.051921891 0.89078655
-0.074375255 -0.046594577 0.80569033
0.081630719 -0.059898312 0.9750885
0.086712797 -0.060014027 0.97359241
-0.0045381347 -0.058452363 0.97607081
-0.085571477 -0.057083809 0.97631059
0.0055765264 -0.058462713 0.97321068
-0.080559955 -0.057000645 0.97493422
0.079023965 -0.032122938 0.48802401
0.082842906 -0.036417901 0.56306779
0.0085618777 -0.024969821 0.41590436
-0.057314603 -0.021839671 0.41633061
0.009556236 -0.033764383 0.56250169
-0.060745613 -0.026333369 0.48771924
0.09023832 -0.050249135 0.80408671
0.091376307 -0.055077244 0.88767969
0.010252157 -0.04332745 0.72131754
-0.06786693 -0.041101822 0.7214241
0.01064624 -0.053363699 0.88744594
-0.069188673 -0.04632288 0.80381267
-0.14593156 -0.02818548 0.49409327
-0.15275477 -0.032358304 0.56887925
-0.13350492 -0.022439062 0.4221073
-0.12910285 -0.020694016 0.42037436
-0.1480037 -0.031044499 0.56782085
-0.1367393 -0.025114457 0.49141652
-0.16575042 -0.046017342 0.80897538
-0.16763152 -0.050832053 0.89229775
-0.15766362 -0.040501362 0.72568201
-0.15262038 -0.039721757 0.72403275
-0.16254984 -0.050478817 0.89094181
-0.15558944 -0.044898047 0.80605987
