FiniteElementSpace
FiniteElementCollection: H1_3D_P1
VDim: 3
Ordering: 1

-0 -0 -0
0.0027151493 3.1562817e-05 0.0031579406
-0 -0 -0
0.002992932 -0.00051078244 0.0030765621
0.0056829773 -0.0010348083 0.011513452
-0 -0 -0
-0.0030721643 -0.00041305854 0.0031665932
-0.0057452382 -0.00084816983 0.011693969
-0 -0 -0
-0.0026308947 0.00013745206 0.0030416328
-0.0049981423 -0.00037068911 0.011485136
0.00141476 0.00018003633 0.00089172246
-0 -0 -0
0.0014563845 -7.2769343e-05 0.00099368294
-0 -0 -0
-9.3328784e-05 -5.954606e-05 0.00070489581
-0 -0 -0
-9.9163032e-06 -4.68534e-05 0.00079245473
0.0039376092 -0.00022516365 0.0067904033
0.0028544293 -0.00022752567 0.0032473785
0.0041661809 -0.00046874782 0.0068502014
-0.0001765155 -0.00019395703 0.0029802225
-0.00025666809 -0.00041146945 0.006625685
-1.4387014e-06 -0.00018072815 0.0030643507
1.4631358e-06 -0.0003993161 0.00668207
0.0053818796 -0.0007883529 0.011715169
3.0457603e-06 -0.00069751658 0.011560026
0.001521043 -0.00034439457 0.00086630415
-0 -0 -0
7.6473518e-05 -5.996605e-05 0.00064917974
0.0043879592 -0.00073539336 0.0066611534
0.00017443055 -0.00019320862 0.0028753807
0.00025986066 -0.0004110026 0.0064751524
0.00033800711 -0.00070834645 0.011341572
0.00041012353 -0.0010791889 0.017375482
-0.0015913706 -0.00030302411 0.00090402631
-0 -0 -0
-0.0014337569 -1.3490313e-05 0.00097927342
-0.004459245 -0.00059106132 0.0067991741
-0.0028513473 -0.00012574194 0.003235627
-0.0041630198 -0.00032205157 0.0068414585
-0.0053757616 -0.00059948458 0.011707096
-0.0013163319 0.00023626437 0.00082995232
-0.00385959 -7.4562085e-05 0.0066306445
-0.0060460194 -0.00074221514 0.017506562
0.00073542838 0.00017567751 0.00029621529
-0 -0 -0
0.00072061787 6.1058609e-05 0.00035806366
-0 -0 -0
0.00032172331 0.00010101365 0.00016817869
-0 -0 -0
0.00030719559 2.7972258e-05 0.00021405135
0.0020738408 0.00012317268 0.0018475692
0.0033369098 -8.5789555e-05 0.0048099247
0.0027826752 -9.3967245e-05 0.0032324405
0.0034285164 -0.00020759431 0.0048768572
0.0012470387 -6.4436608e-05 0.0030276078
0.0015377108 -0.00017320569 0.0046840724
0.0013314257 -0.00013344529 0.0031006021
0.0016453027 -0.00024018059 0.0047497797
-0 -0 -0
0.0007790855 -0.00024653099 0.00030812932
-0 -0 -0
0.00036828896 -0.00015677934 0.00014160847
0.0022162643 -0.00027927413 0.001903663
0.0029266835 -0.00036823028 0.0031951775
0.0022631682 -0.00042380893 0.0017926567
0.0037023855 -0.00061382568 0.0047039481
0.0015773832 -0.00037090743 0.0029287663
0.0019536766 -0.00047073442 0.004561006
0.0049203207 -0.00074715411 0.0090630135
0.0055353963 -0.00091125 0.011643087
0.0050483031 -0.00087584149 0.0089351741
0.0030026333 -0.00088730153 0.011385949
0.0033251126 -0.001063381 0.01426134
-0 -0 -0
-0.00082353229 -0.00024618508 0.00032062526
-0 -0 -0
-0.00072262769 -8.9325902e-05 0.00036701751
-0.0012154892 -0.00025317906 0.0017100162
-0.0015998778 -0.00032162528 0.0030253509
-0.0023423697 -0.0003520435 0.0018564858
-0.0037781329 -0.0004921609 0.0048187936
-0.00295647 -0.00026878766 0.0032352257
-0.0036447611 -0.00035238214 0.0048803365
-0.0026804509 -0.00064598023 0.0089690293
-0.005115026 -0.00070988294 0.0090950004
-0.0055571959 -0.00072343755 0.011730421
-0 -0 -0
-0 -0 -0
-0 -0 -0
-0.00063755785 0.00020418953 0.00027409786
-0.00099465595 -9.1676116e-06 0.0017409361
-0.0013183022 -8.2149187e-05 0.00304112
-0.00092603809 6.2332534e-05 0.0016236788
-0.0012249765 -1.1948482e-05 0.0029150855
-0.0020742362 7.5821931e-05 0.0018736633
-0.0027469155 9.4909627e-06 0.0031685813
-0.0019834972 0.00020526071 0.0017555109
-0.0032564245 4.2808563e-05 0.0046715689
-0.0022213146 -0.00043103159 0.0089284482
-0.0024995188 -0.00058718629 0.011513807
-0.0020654333 -0.00036807875 0.0087929541
-0.0023249497 -0.00052675618 0.011376725
-0.004617406 -0.00032822389 0.0090421363
-0.0051933536 -0.00048158193 0.011622886
-0.0044401943 -0.00021276655 0.0089059355
-0.0055334042 -0.00054745102 0.014356076
0.0014263656 5.2470293e-05 0.00096914245
0.00063814182 8.0501592e-05 0.0007543773
0.00066408872 8.2278001e-06 0.00082651912
0.0021147461 -4.9235102e-06 0.0019268627
0.00094694445 2.1393283e-05 0.0017129989
0.0010049995 -4.9313759e-05 0.0017899687
0.00073800486 -2.8580311e-05 0.0003777724
-0 -0 -0
0.00032289915 -2.1982232e-05 0.00022767135
0.00075479386 -0.00012527291 0.00036218137
-0 -0 -0
0.0003422527 -7.7273371e-05 0.00020956705
0.00069786761 -6.1854805e-05 0.00084483253
0.0021646002 -0.00013873914 0.001947809
0.0010621492 -0.00012248183 0.0018058562
0.0014894111 -0.00020347776 0.00096104255
0.00073811083 -0.00013544918 0.00081026726
0.0011225165 -0.00020068802 0.001759022
-4.7554066e-05 -2.2801587e-05 0.00013190983
-0 -0 -0
-3.1530291e-05 -1.5733664e-05 0.00018196072
-0.00041852442 -0.00014700008 0.00017672995
-0 -0 -0
-0.0003650777 -5.9549092e-05 0.00022626781
-5.1246956e-05 -4.8630081e-05 0.00078113951
-0.00013532229 -0.00011639609 0.0016634916
-6.949758e-05 -0.00010524945 0.0017451348
-0.00082112865 -0.00020040504 0.00075331575
-0.00075858086 -0.00010858601 0.00082825429
-0.0011399829 -0.00016262324 0.0017896299
-1.1064435e-05 -1.2293715e-05 0.00019209416
-0 -0 -0
8.5883689e-06 -1.3510614e-05 0.00017154171
-0 -0 -0
-0.00033945106 -2.4013892e-06 0.00023334792
-0.00031866916 4.8971356e-05 0.00020881015
-4.6987757e-06 -0.00010294285 0.0017554924
3.2579544e-05 -4.8834942e-05 0.00075397629
6.052748e-05 -0.00010531564 0.0017048751
-0.00070624684 -3.1678694e-05 0.00083583142
-0.0010657924 -8.2701492e-05 0.0017964148
-0.00065985706 3.7871379e-05 0.00079246563
0.0040514652 -0.00034275388 0.0068487804
0.0018184491 -0.00030310968 0.0066690976
0.0019473984 -0.00036781867 0.0067263705
0.0046511588 -0.000497867 0.0091362307
0.002237985 -0.00051531626 0.0090184585
0.003522102 -0.00033789914 0.0048851004
0.0014116788 -0.00020550367 0.003111319
0.0017475156 -0.00031006238 0.0047542836
0.003615419 -0.00047531622 0.0048268032
0.0014927903 -0.00028319464 0.0030560449
0.0018493799 -0.00038562817 0.0046928276
0.0020704998 -0.00043522405 0.0067243427
0.0047861602 -0.00061916756 0.0091309072
0.0023810355 -0.00058014904 0.0090098872
0.004280239 -0.00060166471 0.0067868317
0.0021926956 -0.0005081795 0.006657864
0.0025229392 -0.0006503423 0.0089389835
-0.0002170878 -0.00029242462 0.0046387942
-8.8535326e-05 -0.00018322077 0.0030581136
-0.00010793324 -0.00028216772 0.0047094001
-0.0019727903 -0.0004095759 0.0046826432
-0.0015071665 -0.00023341589 0.003101161
-0.0018610913 -0.00032419728 0.0047512906
-0.00012714294 -0.00040166094 0.0066877587
-0.00014584443 -0.00054107089 0.008981409
-0.002333183 -0.00051778351 0.0066680942
-0.0022021025 -0.00043544201 0.0067283447
-0.0025302524 -0.00056675366 0.0090205193
3.5335372e-07 -0.00027971912 0.0047099553
8.5787951e-05 -0.00018310133 0.0030056045
0.00010869843 -0.00028205022 0.0046452571
-0.0014123519 -0.00015487607 0.0031042116
-0.0017461019 -0.00024815981 0.0047489327
-0.0016306667 -0.00017765928 0.0046802732
2.3036347e-06 -0.00053882882 0.008969367
0.00013010801 -0.00040159783 0.0066125069
0.00015048015 -0.00054104396 0.0088955029
-0.0020673924 -0.00036218016 0.0067199159
-0.0023763903 -0.00049631676 0.0090058626
-0.0019316895 -0.00029425903 0.0066466325
0.0026792868 -0.00074404726 0.011598936
0.0028401928 -0.00081142106 0.011523957
0.0031444807 -0.00099066327 0.014400608
0.00017000656 -0.0006996446 0.011482198
0.00018876053 -0.00087663712 0.014360491
-0.0026731667 -0.00064984432 0.011595042
-0.0027662866 -0.00076195561 0.014390673
0.00078688942 -0.00022377729 0.0007094266
0.0011884936 -0.00028998227 0.0016404288
2.8609831e-05 -2.3255962e-05 0.00010232331
-0.00030442884 0.00010922163 0.00014558835
0.00012747999 -0.00011588737 0.0015831198
-0.00061867283 0.00010803374 0.00069326362
0.0023168334 -0.00059031194 0.0065232985
0.0026665302 -0.00072937181 0.0088024871
0.00021824694 -0.00029179188 0.0045105718
-0.0015150548 -0.00010968544 0.0045496138
0.00029972184 -0.00055010493 0.0087562995
-0.0017953899 -0.00022877376 0.0065131493
0.00037478693 -0.00088496491 0.014218702
-0.002573858 -0.00070402864 0.014252267
-0.0028121322 -0.00089912178 0.017407378
-0.0014974443 -0.0001520462 0.00097381446
-0.0022414035 -0.00020406617 0.0019293422
-0.00069380328 9.6561959e-06 0.00036961087
-0.00066576493 9.9300474e-05 0.00033829248
-0.0021562626 -5.9245221e-05 0.0019337793
-0.0013770976 0.00011124643 0.00093012633
-0.0043073935 -0.00045616606 0.0068525634
-0.0049448216 -0.00058003685 0.0091399215
-0.003519826 -0.00021343751 0.0048752639
-0.0033945204 -8.1510141e-05 0.0048030648
-0.0047815826 -0.00045097405 0.0091226657
-0.0040178568 -0.00019454463 0.006764888
-0.0057457551 -0.00065378211 0.014495114
