FiniteElementSpace
FiniteElementCollection: H1_3D_P1
VDim: 3
Ordering: 1

0.0088617416 -0.002334376 0.042035543
0.072087968 -0.0038311774 0.14159376
0.009938037 -0.003120228 0.041627046
0.080082409 -0.015354842 0.13931385
0.13206106 -0.026957706 0.35176975
-0.010026154 -0.0027076007 0.042080718
-0.081617325 -0.012847732 0.14147789
-0.13274345 -0.022733541 0.35569021
-0.070104154 -0.00097290373 0.13826068
-0.11571383 -0.014678009 0.35095601
0.0079550899 -0.0019707253 0.032961771
-0.00051368861 -0.002019333 0.032849417
0.043016174 0.00076973628 0.075808111
0.0093125437 -0.0027190373 0.041987624
0.044820901 -0.005080482 0.077953946
-0.00057233582 -0.0025871471 0.041762282
-0.0027927895 -0.0046030817 0.071367888
4.8754485e-06 -0.002571127 0.041767088
-0.00020305804 -0.0043079135 0.073173151
0.096929714 -0.010751054 0.23662147
0.076201312 -0.0093239153 0.14319955
0.10296196 -0.015377306 0.23732535
-0.0046058518 -0.0083672883 0.13766269
-0.0061875316 -0.013902938 0.23331969
4.1663524e-05 -0.0080798855 0.1391603
0.00015167316 -0.013664618 0.23396771
0.12489107 -0.022886662 0.35571982
-0.0074916123 -0.020969666 0.3532226
0.00022878602 -0.020779398 0.35300128
0.047011956 -0.011393219 0.074828738
0.0024493237 -0.0046184401 0.069638839
0.1086141 -0.020469146 0.23331982
0.0047040042 -0.0083441025 0.13483365
0.0064964548 -0.013884833 0.22955922
0.0079506659 -0.020955733 0.34870732
-0.048560466 -0.010142636 0.07583532
-0.0092931235 -0.0024161998 0.041967741
-0.044173838 -0.0033675783 0.077406559
-0.10973692 -0.017008218 0.2364706
-0.075960389 -0.0066626217 0.14270881
-0.10265056 -0.01180148 0.2369076
-0.12443548 -0.018552244 0.35531978
-0.040601072 0.0025026687 0.073720887
-0.095174944 -0.0069855388 0.23241242
-0.13171029 -0.023685888 0.48900476
0.0083807026 -0.0022164737 0.037339324
0.026899387 0.0012491745 0.055275626
0.0090501011 -0.0025399627 0.042036471
0.026958238 -0.0015098921 0.056686687
0.0040873437 -0.002462016 0.041819998
0.011818762 -0.00048930218 0.05214562
0.004322472 -0.0025498136 0.041868486
0.011825716 -0.002237803 0.053161685
0.058059791 -0.0011401336 0.10473315
0.085057002 -0.0070706578 0.1857663
0.074188807 -0.0064860948 0.14302695
0.087693628 -0.0095169815 0.1869382
0.032890483 -0.0057211854 0.13874931
0.038971569 -0.0086551451 0.18314788
0.035251375 -0.0071900247 0.14014464
0.041828254 -0.010010138 0.18428987
0.0095857152 -0.0029115578 0.041864364
0.029301578 -0.0090325839 0.055201853
0.01414521 -0.0067664884 0.051090587
0.062590844 -0.010082079 0.10561587
0.078200911 -0.012320061 0.14195113
0.064034147 -0.013301766 0.10305647
0.094970493 -0.017731859 0.18294906
0.041805005 -0.01226491 0.13605357
0.049700205 -0.014693188 0.17993938
0.11780828 -0.02125706 0.29231582
0.12852126 -0.024918243 0.35420497
0.12098115 -0.023554133 0.28979902
0.069339895 -0.024229099 0.3495337
-0.004969923 -0.0023268643 0.037259932
-0.0052319407 -0.002695345 0.041850747
-0.030349224 -0.0087100971 0.055661551
-0.0096209452 -0.002566518 0.0420421
-0.027564976 -0.0049185773 0.056718781
-0.033758377 -0.0092264104 0.1014619
-0.042137054 -0.010987901 0.13855
-0.065679786 -0.011364408 0.10464604
-0.096311271 -0.014721948 0.18563644
-0.078667021 -0.0097417263 0.14283934
-0.093026414 -0.011858371 0.18675505
-0.063424232 -0.018751406 0.29119826
-0.069177807 -0.022093838 0.35378761
-0.12188293 -0.019689163 0.29335876
-0.12852914 -0.020635199 0.35602225
-0.027735007 -0.0037509065 0.10179158
-0.034812715 -0.005844978 0.1384607
-0.025730083 -0.0021424973 0.099041542
-0.032258476 -0.0043331412 0.13560787
-0.058484099 -0.0017358685 0.10470357
-0.073247223 -0.0037463986 0.14113041
-0.055885876 0.0011946471 0.10193466
-0.083204306 -0.0037390849 0.18197642
-0.052656043 -0.014868662 0.28969032
-0.057466839 -0.018640749 0.3518402
-0.048863264 -0.013726886 0.2869693
-0.053353763 -0.017624772 0.34921149
-0.11030447 -0.012761262 0.29167157
-0.12029157 -0.016563351 0.35359083
-0.10601205 -0.010647282 0.28894253
-0.12427976 -0.019037227 0.41784571
0.0036962899 -0.0019877592 0.032879878
0.0086052565 -0.0023181196 0.037352307
0.0038895167 -0.0022495835 0.037253269
0.0041388055 -0.0023005646 0.037271333
-0.00053424238 -0.0022915812 0.037225482
-0.00026090561 -0.0022869961 0.037244841
-0.0046721647 -0.0022683802 0.037271684
0.043780493 -0.0021738009 0.077491792
0.019270607 -0.0014290974 0.072565278
0.020278886 -0.0031033173 0.074114043
0.059540407 -0.0039761165 0.10636766
0.026313752 -0.0032756694 0.1016702
0.028081441 -0.0048498161 0.10324503
0.027669868 -0.003710515 0.057074266
0.00459577 -0.0026432065 0.041821078
0.012490926 -0.0034719583 0.053390812
0.028375932 -0.0060819091 0.056598763
0.013242068 -0.0048300251 0.052850934
0.021393963 -0.00473777 0.07442549
0.06105455 -0.0069513922 0.10671102
0.029743227 -0.0064845608 0.10347116
0.045921802 -0.0081194489 0.077099759
0.022638351 -0.0064559789 0.073522759
0.031449093 -0.0082341915 0.10231183
-0.0017220888 -0.0034218635 0.051256562
-0.00028158894 -0.0025736355 0.041815998
-0.0010266279 -0.0032455299 0.052385243
-0.015336792 -0.0063616579 0.052276154
-0.0048881884 -0.0025886714 0.041879878
-0.013769615 -0.0042561847 0.053399735
-0.0014776236 -0.004345702 0.073024259
-0.0037293255 -0.0062544606 0.10049738
-0.001868587 -0.0060008937 0.10219
-0.02480245 -0.007809664 0.072422024
-0.023046267 -0.0056711002 0.074062608
-0.031728869 -0.0071970448 0.10312414
-0.00024579296 -0.0031697976 0.052534517
0.00051761214 -0.0032039633 0.051939002
-0.0045845733 -0.0024990041 0.041820363
-0.01285472 -0.0028632839 0.053480981
-0.012049144 -0.0016063283 0.052790933
-5.764467e-05 -0.0059509283 0.1022918
0.0010964419 -0.0043575055 0.072177133
0.0017610666 -0.006005315 0.10104355
-0.021514165 -0.003876887 0.074130203
-0.02970962 -0.0054038678 0.1031505
-0.020103547 -0.0022509568 0.073020931
0.10003733 -0.012977188 0.23751425
0.044540429 -0.012014865 0.2342313
0.047827999 -0.013250341 0.23509804
0.11121131 -0.016809479 0.29415209
0.049588039 -0.015753104 0.29137779
0.053256248 -0.016865997 0.29196751
0.090180875 -0.012148079 0.18692893
0.037429783 -0.0087280921 0.14022383
0.044474852 -0.011427443 0.18420207
0.09263558 -0.014929658 0.18557916
0.03959372 -0.010389161 0.13890486
0.047077639 -0.01296318 0.18278258
0.050896978 -0.014540332 0.23484082
0.11453323 -0.018969962 0.29379067
0.0567053 -0.018026707 0.2915458
0.10584434 -0.017916515 0.23590385
0.053908747 -0.01593996 0.2333537
0.060091209 -0.019287009 0.29001059
-0.0054281797 -0.010925985 0.18215104
-0.0022582253 -0.0081328565 0.13917685
-0.0026375615 -0.010712506 0.18340738
-0.049891645 -0.013167771 0.18296362
-0.039747026 -0.0090962734 0.14003458
-0.047115987 -0.011426233 0.18419539
-0.002993285 -0.01370978 0.23429395
-0.0068766521 -0.017263372 0.29054776
-0.0033172812 -0.017089738 0.29123723
-0.056992803 -0.015764413 0.23405325
-0.053841131 -0.014178128 0.23500836
-0.059922559 -0.017322323 0.29187367
0.00010516122 -0.010662587 0.18324009
0.0023431885 -0.0081308413 0.13776203
0.0028485199 -0.010709844 0.18174942
-0.037286861 -0.0074099303 0.13995434
-0.044244172 -0.009873535 0.18397371
-0.041327604 -0.0084303521 0.18240032
0.0001914106 -0.017049462 0.29075473
0.0032971873 -0.013708327 0.23241601
0.0037005389 -0.017089358 0.28916082
-0.05058793 -0.012765479 0.23463476
-0.056321463 -0.016050796 0.29134976
-0.047276079 -0.011452245 0.23300974
0.06190375 -0.02184762 0.35371348
0.065626897 -0.022967607 0.35214387
-0.0036055712 -0.020814994 0.35363289
-0.065359454 -0.02082265 0.35418862
0.0040633769 -0.020815144 0.35137859
-0.061446345 -0.019692121 0.35352123
-0.06170851 -0.022730257 0.41885488
0.024061864 -0.0085173188 0.071082283
0.033256624 -0.010232383 0.099555832
0.0036442133 -0.0062407581 0.098204966
-0.018740545 -0.00060990764 0.070605858
0.05692605 -0.017516026 0.23056651
0.063473791 -0.020706285 0.28730412
0.0056473263 -0.010904173 0.17883273
-0.038305175 -0.0070374067 0.1795507
0.007262711 -0.017248043 0.28638893
-0.043845011 -0.010184399 0.23021201
-0.057314603 -0.021839671 0.41633061
-0.04599603 -0.0066098224 0.07738179
-0.06300905 -0.0080353027 0.10618648
-0.026545456 -0.0024941161 0.056699794
-0.025553263 -0.00029031882 0.055843733
-0.060718572 -0.004777844 0.10616708
-0.042510398 -0.00044393582 0.076161226
-0.10611655 -0.014396529 0.23732642
-0.11794947 -0.017333337 0.29394992
-0.089926 -0.0090128493 0.18648432
-0.086791561 -0.0063047281 0.18483947
-0.11415146 -0.014993705 0.29338563
-0.099139589 -0.0093274132 0.23522051
-0.12910285 -0.020694016 0.42037436
