FiniteElementSpace
FiniteElementCollection: H1_3D_P1
VDim: 3
Ordering: 1

0.0050728353 -0.00056324576 0.01168626
0.0070757978 -0.001449808 0.024873258
0.0056829773 -0.0010348083 0.011513452
0.0079650825 -0.0018436296 0.02462277
0.009938037 -0.003120228 0.041627046
-0.0057452382 -0.00084816983 0.011693969
-0.008011899 -0.0015827566 0.024876751
-0.010026154 -0.0027076007 0.042080718
-0.0070042519 -0.0011819939 0.024596946
-0.0086809302 -0.0021514545 0.041617789
0.0039376092 -0.00022516365 0.0067904033
-0.00025666809 -0.00041146945 0.006625685
0.0061183819 -0.00097385864 0.017746528
0.0053818796 -0.0007883529 0.011715169
0.0065003123 -0.0011799645 0.017746021
-0.00033184412 -0.0007086855 0.011534015
-0.00040108746 -0.0010797598 0.017606452
3.0457603e-06 -0.00069751658 0.011560026
4.4461225e-06 -0.0010693769 0.017603385
0.0079550899 -0.0019707253 0.032961771
0.0075201554 -0.0016375616 0.024846716
0.0084352434 -0.0021555507 0.032922913
-0.00046350876 -0.0015187254 0.024744916
-0.00051368861 -0.002019333 0.032849417
6.1061721e-06 -0.0015089409 0.024716616
1.013613e-05 -0.0020115083 0.032810858
0.0093125437 -0.0027190373 0.041987624
4.8754485e-06 -0.002571127 0.041767088
0.0068750245 -0.0014057976 0.017533565
0.00041012353 -0.0010791889 0.017375482
0.0089651783 -0.0023532165 0.032672886
0.00047704999 -0.0015174657 0.024478901
0.00054019547 -0.0020188368 0.032550151
0.00059164613 -0.0025888073 0.041450049
0.0024493237 -0.0046184401 0.069638839
-0.0069287287 -0.0011804887 0.017752516
-0.0053757616 -0.00059948458 0.011707096
-0.0064912556 -0.00095222134 0.017737646
-0.0090162696 -0.0020546716 0.032969694
-0.0075102494 -0.0013740293 0.024836711
-0.0084376118 -0.0018585788 0.032912414
-0.0092931235 -0.0024161998 0.041967741
-0.0060460194 -0.00074221514 0.017506562
-0.0078793642 -0.0016775481 0.032656574
-0.040601072 0.0025026687 0.073720887
0.0045163875 -0.00038470265 0.0090866577
0.0056068141 -0.00075989928 0.014576946
0.0052274537 -0.00067189124 0.011727076
0.0057803078 -0.00086398123 0.01460918
0.0023490083 -0.00062197695 0.011574107
0.0025985839 -0.00080923856 0.014469367
0.0025171522 -0.00068183001 0.011613928
0.0027849207 -0.00086658727 0.014500643
0.0066078229 -0.0012042576 0.021182799
0.0075237299 -0.0017077333 0.028804445
0.0072977837 -0.0015405005 0.024882539
0.0077556951 -0.0017953246 0.028809287
0.0032853433 -0.0014731702 0.024779532
0.0034950748 -0.0017251115 0.02871625
0.0035193794 -0.0015229009 0.02478799
0.0037403592 -0.0017727417 0.028720347
0.0055353963 -0.00091125 0.011643087
0.0062918749 -0.0012116851 0.014383662
0.0033251126 -0.001063381 0.01426134
0.0072297727 -0.0015082168 0.021085005
0.0077437375 -0.0017398435 0.024759052
0.0074325888 -0.0016165394 0.020950844
0.00847417 -0.0020878323 0.028535441
0.0042119845 -0.0016931615 0.024516327
0.0044822037 -0.0019352464 0.028435225
0.0091275267 -0.0025511821 0.037196674
0.0095857152 -0.0029115578 0.041864364
0.0094522669 -0.0026559711 0.037020301
0.0052291426 -0.002850033 0.041494859
0.01414521 -0.0067664884 0.051090587
-0.0026804509 -0.00064598023 0.0089690293
-0.0030142926 -0.00079354722 0.011573138
-0.0063497883 -0.0010052706 0.014583879
-0.0055571959 -0.00072343755 0.011730421
-0.0061445705 -0.00088566734 0.014611999
-0.0039343997 -0.0013451353 0.021082005
-0.0042140379 -0.0015629031 0.024775735
-0.0074823981 -0.0013731591 0.021187594
-0.0085204112 -0.001809266 0.028807747
-0.0077584449 -0.0014781554 0.024881731
-0.0082495902 -0.0017091259 0.028806547
-0.004969923 -0.0023268643 0.037259932
-0.0095176696 -0.0023287963 0.037359562
-0.0096209452 -0.002566518 0.0420421
-0.003265272 -0.0011642885 0.020970473
-0.0034970681 -0.001390372 0.024649219
-0.0030397607 -0.0011112517 0.020829786
-0.0032567519 -0.0013396209 0.024507081
-0.006780035 -0.0010514177 0.021065567
-0.0072621334 -0.0012750274 0.024739565
-0.0065361541 -0.00095408979 0.020924323
-0.0074513316 -0.001424284 0.028511853
-0.0041070794 -0.0021551467 0.037106652
-0.0042920275 -0.002417685 0.041687511
-0.0038473756 -0.0021073704 0.036940671
-0.0040300879 -0.002343432 0.041496769
-0.0085764842 -0.0020202111 0.037184454
-0.0089763645 -0.0022727822 0.041826332
-0.0082907552 -0.0019322373 0.037021276
-0.024448794 0.0022877259 0.054175372
0.0018184491 -0.00030310968 0.0066690976
0.0046511588 -0.000497867 0.0091362307
0.0020889388 -0.00045300118 0.008969924
0.002237985 -0.00051531626 0.0090184585
-0.00029496891 -0.00055046769 0.0089282148
-0.00014584443 -0.00054107089 0.008981409
-0.0025302524 -0.00056675366 0.0090205193
0.0063097105 -0.0010733571 0.017770457
0.0028376833 -0.0010140404 0.017643505
0.0030412765 -0.0010688483 0.017666512
0.0068156106 -0.0012992108 0.021198898
0.0030664647 -0.0012356432 0.021084332
0.0032861587 -0.0012878834 0.021099553
0.0059532853 -0.00097553633 0.014590892
0.0026792868 -0.00074404726 0.011598936
0.0029652969 -0.00092614823 0.014479421
0.006125382 -0.0010932742 0.014514861
0.0031444807 -0.00099066327 0.014400608
0.0032390238 -0.0011256877 0.017639312
0.0070227715 -0.0014008888 0.021168587
0.0035003024 -0.0013419036 0.021066706
0.0066902182 -0.0012925006 0.017666204
0.0034357886 -0.0011872911 0.017556824
0.0037140425 -0.0014005171 0.020980553
-0.00036723185 -0.0008853658 0.014430835
-0.0001638889 -0.00069967246 0.011578335
-0.00018121505 -0.0008767135 0.01446644
-0.0033345793 -0.00095975825 0.014468196
-0.0028455288 -0.00071746017 0.011615859
-0.0031479138 -0.00088681106 0.014502296
-0.00019778561 -0.0010714459 0.017633611
-0.00043329642 -0.0012911296 0.021048604
-0.00021351813 -0.0012831421 0.021067791
-0.0036412744 -0.0011438658 0.017641946
-0.0034373803 -0.0010740432 0.017667687
-0.0037138468 -0.0012784097 0.021099839
3.7507469e-06 -0.00087461959 0.014442043
0.00018876053 -0.00087663712 0.014360491
-0.0026731667 -0.00064984432 0.011595042
-0.0029577408 -0.00082200226 0.014475492
-0.0027662866 -0.00076195561 0.014390673
5.1813728e-06 -0.0012810451 0.021032115
0.00020678658 -0.0010712507 0.01751828
0.00022415371 -0.0012827257 0.020943511
-0.0032300786 -0.0010120238 0.017635155
-0.00349004 -0.0012191558 0.021061969
-0.0030215766 -0.0009545747 0.017546938
0.0081893252 -0.0020589673 0.03296724
0.0036962899 -0.0019877592 0.032879878
0.0039475083 -0.0020346793 0.03288524
0.0086052565 -0.0023181196 0.037352307
0.0041388055 -0.0023005646 0.037271333
0.0079913697 -0.0018892738 0.028768577
0.0037486957 -0.0015740448 0.024749991
0.0039831198 -0.0018214144 0.028678054
0.00823153 -0.0019873641 0.028675811
0.0039789973 -0.0016296012 0.024659803
0.0042298686 -0.0018741127 0.028582626
0.0042012636 -0.0020834047 0.032840342
0.0088577612 -0.0024349424 0.037305995
0.0044012885 -0.0023587882 0.037226108
0.0086924535 -0.0022532389 0.032822967
0.004464416 -0.0021350607 0.032737228
0.0046787788 -0.0024193175 0.03711348
-0.00049082953 -0.0017617366 0.028682843
-0.00022815875 -0.001511113 0.024757127
-0.00024106803 -0.0017547447 0.028690355
-0.004480318 -0.0017968609 0.028710221
-0.0039770414 -0.0014992399 0.02478659
-0.0042261395 -0.0017362004 0.028716192
-0.00025129878 -0.0020135632 0.032857265
-0.00026090561 -0.0022869961 0.037244841
-0.0047330168 -0.0020483598 0.032873285
-0.0044590066 -0.0019904038 0.032878895
-0.0046721647 -0.0022683802 0.037271684
7.5906766e-06 -0.0017525302 0.028646068
0.00024099224 -0.0015103707 0.024624272
0.00025748028 -0.001753701 0.028549023
-0.003737216 -0.0014426951 0.024744045
-0.00397053 -0.0016820855 0.02867013
-0.0037161866 -0.0016321104 0.028571473
1.2002386e-05 -0.002285346 0.037198133
0.00027356384 -0.0020126176 0.032706801
0.00028752307 -0.0022868735 0.037084418
-0.0041875361 -0.0019371926 0.032830882
-0.0043852045 -0.0022092457 0.037221322
-0.003920697 -0.0018883849 0.032726699
0.00459577 -0.0026432065 0.041821078
0.0048839629 -0.0027446127 0.041699132
0.013242068 -0.0048300251 0.052850934
0.00029331804 -0.0025759861 0.041643337
0.00051761214 -0.0032039633 0.051939002
-0.0045845733 -0.0024990041 0.041820363
-0.012049144 -0.0016063283 0.052790933
0.0036340162 -0.0012568562 0.017416425
0.0039295106 -0.0014669872 0.020838934
0.00044413713 -0.001290255 0.020799673
-0.0028121322 -0.00089912178 0.017407378
0.0047414332 -0.0021948425 0.032580351
0.0049912893 -0.0024811925 0.036934607
0.00050912732 -0.0017603346 0.028400396
-0.0034632118 -0.0015833552 0.028426651
0.00056812681 -0.002293591 0.036909541
-0.0036595908 -0.0018410255 0.03257566
0.0013060909 -0.0034430226 0.050161642
-0.011356063 -0.0001430589 0.051155712
-0.018740545 -0.00060990764 0.070605858
-0.0067070217 -0.0010659921 0.017772524
-0.0072447736 -0.0012636959 0.021199815
-0.0059456383 -0.00076682478 0.014582778
-0.0057457551 -0.00065378211 0.014495114
-0.007012705 -0.0011548902 0.021159612
-0.0062746316 -0.00084401035 0.017646721
-0.0087217054 -0.0019579705 0.032964576
-0.0091806557 -0.0022324529 0.03735561
-0.0079845997 -0.0016088162 0.028757504
-0.0077213723 -0.0015134585 0.028656929
-0.0088737212 -0.0021244291 0.037299653
-0.0081587869 -0.0017640283 0.032807034
-0.025553263 -0.00029031882 0.055843733
