data/2S_10_theta.txt
0 -0.000200598
0.1 -0.000199731
0.2 -0.000198865
0.3 -0.000197998
0.4 -0.000197131
0.5 -0.000196264
0.6 -0.000195397
0.7 -0.000194531
0.8 -0.000193664
0.9 -0.000192797
1 -0.00019172
1.1 -0.000189732
1.2 -0.000187744
1.3 -0.000185756
1.4 -0.000183768
1.5 -0.000181742
1.6 -0.000179707
1.7 -0.000177672
1.8 -0.000175637
1.9 -0.000173602
2 -0.000171567
2.1 -0.000169532
2.2 -0.000167646
2.3 -0.000165828
2.4 -0.000163668
2.5 -0.000161048
2.6 -0.000158427
2.7 -0.000155882
2.8 -0.000153339
2.9 -0.000150795
3 -0.000148251
3.1 -0.000145707
3.2 -0.000143163
3.3 -0.000140573
3.4 -0.000137967
3.5 -0.000135361
3.6 -0.000132693
3.7 -0.000129964
3.8 -0.000127234
3.9 -0.000124467
4 -0.000121673
4.1 -0.000118871
4.2 -0.000115954
4.3 -0.000113038
4.4 -0.000110121
4.5 -0.000107213
4.6 -0.000104407
4.7 -0.000101601
4.8 -9.87947e-05
4.9 -9.61595e-05
5 -9.35535e-05
5.1 -9.09476e-05
5.2 -8.83417e-05
5.3 -8.57384e-05
5.4 -8.31577e-05
5.5 -8.05771e-05
5.6 -7.79965e-05
5.7 -7.54165e-05
5.8 -7.28367e-05
5.9 -7.02569e-05
6 -6.76771e-05
6.1 -6.50973e-05
6.2 -6.25175e-05
6.3 -5.99377e-05
6.4 -5.75284e-05
6.5 -5.53991e-05
6.6 -5.32698e-05
6.7 -5.11405e-05
6.8 -4.90111e-05
6.9 -4.68818e-05
7 -4.47947e-05
7.1 -4.2758e-05
7.2 -4.07213e-05
7.3 -3.87374e-05
7.4 -3.69671e-05
7.5 -3.51968e-05
7.6 -3.34265e-05
7.7 -3.16562e-05
7.8 -2.98859e-05
7.9 -2.81156e-05
8 -2.64126e-05
8.1 -2.47529e-05
8.2 -2.32439e-05
8.3 -2.17355e-05
8.4 -2.03281e-05
8.5 -1.89207e-05
8.6 -1.75133e-05
8.7 -1.61058e-05
8.8 -1.46984e-05
8.9 -1.3291e-05
9 -1.18836e-05
9.1 -1.06067e-05
9.2 -9.42822e-06
9.3 -8.24969e-06
9.4 -7.07117e-06
9.5 -5.89264e-06
9.6 -4.71411e-06
9.7 -3.53558e-06
9.8 -2.35706e-06
9.9 -1.17853e-06
