data/2S_10.txt
0 -6.6829e-05
0.1 -6.65917e-05
0.2 -6.63544e-05
0.3 -6.6117e-05
0.4 -6.58797e-05
0.5 -6.56424e-05
0.6 -6.54051e-05
0.7 -6.51677e-05
0.8 -6.49304e-05
0.9 -6.46931e-05
1 -6.44221e-05
1.1 -6.40054e-05
1.2 -6.35887e-05
1.3 -6.3172e-05
1.4 -6.27552e-05
1.5 -6.22965e-05
1.6 -6.18288e-05
1.7 -6.13611e-05
1.8 -6.08934e-05
1.9 -6.04257e-05
2 -5.9958e-05
2.1 -5.94903e-05
2.2 -5.89751e-05
2.3 -5.84383e-05
2.4 -5.78265e-05
2.5 -5.70684e-05
2.6 -5.63102e-05
2.7 -5.55262e-05
2.8 -5.47421e-05
2.9 -5.39579e-05
3 -5.31738e-05
3.1 -5.23896e-05
3.2 -5.16055e-05
3.3 -5.08102e-05
3.4 -5.00111e-05
3.5 -4.92121e-05
3.6 -4.83681e-05
3.7 -4.74613e-05
3.8 -4.65546e-05
3.9 -4.56397e-05
4 -4.47195e-05
4.1 -4.37954e-05
4.2 -4.28195e-05
4.3 -4.18436e-05
4.4 -4.08677e-05
4.5 -3.98959e-05
4.6 -3.89753e-05
4.7 -3.80548e-05
4.8 -3.71342e-05
4.9 -3.6179e-05
5 -3.52126e-05
5.1 -3.42462e-05
5.2 -3.32798e-05
5.3 -3.2313e-05
5.4 -3.13423e-05
5.5 -3.03716e-05
5.6 -2.94009e-05
5.7 -2.84168e-05
5.8 -2.74282e-05
5.9 -2.64397e-05
6 -2.54512e-05
6.1 -2.44627e-05
6.2 -2.34741e-05
6.3 -2.24856e-05
6.4 -2.15652e-05
6.5 -2.07567e-05
6.6 -1.99483e-05
6.7 -1.91398e-05
6.8 -1.83313e-05
6.9 -1.75228e-05
7 -1.67257e-05
7.1 -1.5942e-05
7.2 -1.51583e-05
7.3 -1.43975e-05
7.4 -1.37295e-05
7.5 -1.30616e-05
7.6 -1.23936e-05
7.7 -1.17256e-05
7.8 -1.10576e-05
7.9 -1.03897e-05
8 -9.75403e-06
8.1 -9.13825e-06
8.2 -8.57752e-06
8.3 -8.01703e-06
8.4 -7.4952e-06
8.5 -6.97337e-06
8.6 -6.45154e-06
8.7 -5.92971e-06
8.8 -5.40788e-06
8.9 -4.88605e-06
9 -4.36422e-06
9.1 -3.89348e-06
9.2 -3.46087e-06
9.3 -3.02826e-06
9.4 -2.59565e-06
9.5 -2.16305e-06
9.6 -1.73044e-06
9.7 -1.29783e-06
9.8 -8.65218e-07
9.9 -4.32609e-07
