data/2S_20.txt
0 -8.61655e-05
0.1 -8.59081e-05
0.2 -8.56508e-05
0.3 -8.53935e-05
0.4 -8.51362e-05
0.5 -8.48788e-05
0.6 -8.46215e-05
0.7 -8.43642e-05
0.8 -8.41059e-05
0.9 -8.38329e-05
1 -8.35599e-05
1.1 -8.32558e-05
1.2 -8.28738e-05
1.3 -8.24791e-05
1.4 -8.20638e-05
1.5 -8.16485e-05
1.6 -8.12332e-05
1.7 -8.07158e-05
1.8 -8.01767e-05
1.9 -7.96384e-05
2 -7.91001e-05
2.1 -7.85618e-05
2.2 -7.80235e-05
2.3 -7.74852e-05
2.4 -7.68974e-05
2.5 -7.62521e-05
2.6 -7.56037e-05
2.7 -7.48862e-05
2.8 -7.41686e-05
2.9 -7.34419e-05
3 -7.26399e-05
3.1 -7.18379e-05
3.2 -7.10079e-05
3.3 -7.01641e-05
3.4 -6.93203e-05
3.5 -6.84764e-05
3.6 -6.76132e-05
3.7 -6.67217e-05
3.8 -6.58303e-05
3.9 -6.49389e-05
4 -6.40475e-05
4.1 -6.31175e-05
4.2 -6.21771e-05
4.3 -6.12382e-05
4.4 -6.02997e-05
4.5 -5.93263e-05
4.6 -5.83378e-05
4.7 -5.73492e-05
4.8 -5.63607e-05
4.9 -5.53791e-05
5 -5.43982e-05
5.1 -5.34149e-05
5.2 -5.2431e-05
5.3 -5.14471e-05
5.4 -5.04631e-05
5.5 -4.94903e-05
5.6 -4.85263e-05
5.7 -4.75623e-05
5.8 -4.65982e-05
5.9 -4.56342e-05
6 -4.46702e-05
6.1 -4.37062e-05
6.2 -4.27421e-05
6.3 -4.17781e-05
6.4 -4.08819e-05
6.5 -4.0097e-05
6.6 -3.93122e-05
6.7 -3.85273e-05
6.8 -3.77425e-05
6.9 -3.69576e-05
7 -3.61728e-05
7.1 -3.53924e-05
7.2 -3.4607e-05
7.3 -3.38212e-05
7.4 -3.30353e-05
7.5 -3.23918e-05
7.6 -3.17929e-05
7.7 -3.11701e-05
7.8 -3.05472e-05
7.9 -2.99243e-05
8 -2.93085e-05
8.1 -2.86974e-05
8.2 -2.80863e-05
8.3 -2.74753e-05
8.4 -2.68642e-05
8.5 -2.62531e-05
8.6 -2.57179e-05
8.7 -2.52152e-05
8.8 -2.47125e-05
8.9 -2.42098e-05
9 -2.37702e-05
9.1 -2.33483e-05
9.2 -2.29265e-05
9.3 -2.25046e-05
9.4 -2.20827e-05
9.5 -2.16608e-05
9.6 -2.12389e-05
9.7 -2.08119e-05
9.8 -2.03843e-05
9.9 -1.99568e-05
