data/2S_20_theta.txt
0 -0.000258836
0.1 -0.000257824
0.2 -0.000256812
0.3 -0.000255801
0.4 -0.000254789
0.5 -0.000253777
0.6 -0.000252765
0.7 -0.000251754
0.8 -0.000250718
0.9 -0.000249321
1 -0.000247924
1.1 -0.000246604
1.2 -0.00024548
1.3 -0.000243964
1.4 -0.000241805
1.5 -0.000239646
1.6 -0.000237488
1.7 -0.000235482
1.8 -0.000233479
1.9 -0.000231437
2 -0.000229395
2.1 -0.000227354
2.2 -0.000225312
2.3 -0.00022327
2.4 -0.000221023
2.5 -0.000218538
2.6 -0.000216055
2.7 -0.000213618
2.8 -0.000211181
2.9 -0.000208717
3 -0.000206027
3.1 -0.000203337
3.2 -0.000200612
3.3 -0.000197869
3.4 -0.000195126
3.5 -0.000192383
3.6 -0.000189678
3.7 -0.000187028
3.8 -0.000184378
3.9 -0.000181728
4 -0.000179078
4.1 -0.000176308
4.2 -0.000173505
4.3 -0.000170711
4.4 -0.00016792
4.5 -0.000165124
4.6 -0.000162326
4.7 -0.000159529
4.8 -0.000156731
4.9 -0.000153779
5 -0.000150812
5.1 -0.000148082
5.2 -0.00014542
5.3 -0.000142757
5.4 -0.000140095
5.5 -0.000137495
5.6 -0.000134945
5.7 -0.000132396
5.8 -0.000129846
5.9 -0.000127296
6 -0.000124747
6.1 -0.000122197
6.2 -0.000119647
6.3 -0.000117097
6.4 -0.000114718
6.5 -0.000112618
6.6 -0.000110519
6.7 -0.000108419
6.8 -0.000106319
6.9 -0.00010422
7 -0.00010212
7.1 -0.000100047
7.2 -9.79793e-05
7.3 -9.59113e-05
7.4 -9.38433e-05
7.5 -9.21036e-05
7.6 -9.04663e-05
7.7 -8.87725e-05
7.8 -8.70788e-05
7.9 -8.5385e-05
8 -8.3709e-05
8.1 -8.20449e-05
8.2 -8.03808e-05
8.3 -7.87167e-05
8.4 -7.70526e-05
8.5 -7.53885e-05
8.6 -7.39121e-05
8.7 -7.25162e-05
8.8 -7.11203e-05
8.9 -6.97244e-05
9 -6.84903e-05
9.1 -6.73015e-05
9.2 -6.61126e-05
9.3 -6.49238e-05
9.4 -6.3735e-05
9.5 -6.25462e-05
9.6 -6.13574e-05
9.7 -6.0156e-05
9.8 -5.89534e-05
9.9 -5.77508e-05
