data/2S_30_theta.txt
0 -0.000277935
0.1 -0.000276833
0.2 -0.00027573
0.3 -0.000274627
0.4 -0.000273524
0.5 -0.000272422
0.6 -0.000271319
0.7 -0.000270216
0.8 -0.000269113
0.9 -0.000268011
1 -0.000266908
1.1 -0.000265344
1.2 -0.000263579
1.3 -0.000261813
1.4 -0.000260048
1.5 -0.000258282
1.6 -0.000256524
1.7 -0.000254677
1.8 -0.000252457
1.9 -0.000250237
2 -0.000249008
2.1 -0.000246989
2.2 -0.000244829
2.3 -0.000242669
2.4 -0.000240316
2.5 -0.00023789
2.6 -0.000235464
2.7 -0.000233039
2.8 -0.000230357
2.9 -0.000228063
3 -0.000225445
3.1 -0.000222786
3.2 -0.000220127
3.3 -0.000217469
3.4 -0.000214781
3.5 -0.000212052
3.6 -0.000209405
3.7 -0.000206629
3.8 -0.000203794
3.9 -0.000200958
4 -0.000198123
4.1 -0.000195287
4.2 -0.000192452
4.3 -0.000189616
4.4 -0.000186977
4.5 -0.000184424
4.6 -0.000181757
4.7 -0.000179036
4.8 -0.000176354
4.9 -0.000173688
5 -0.000171035
5.1 -0.000168382
5.2 -0.000165722
5.3 -0.000162831
5.4 -0.000160165
5.5 -0.000157595
5.6 -0.000155028
5.7 -0.000152462
5.8 -0.000149895
5.9 -0.000147289
6 -0.000144662
6.1 -0.000142036
6.2 -0.00013941
6.3 -0.000136783
6.4 -0.000134355
6.5 -0.000132253
6.6 -0.00013015
6.7 -0.000128048
6.8 -0.000125945
6.9 -0.000123842
7 -0.00012174
7.1 -0.000119648
7.2 -0.000117568
7.3 -0.000115487
7.4 -0.000113456
7.5 -0.000111472
7.6 -0.000109488
7.7 -0.000107752
7.8 -0.000106091
7.9 -0.000104429
8 -0.000102798
8.1 -0.000101197
8.2 -9.9595e-05
8.3 -9.79934e-05
8.4 -9.63918e-05
8.5 -9.47902e-05
8.6 -9.31886e-05
8.7 -9.16479e-05
8.8 -9.01852e-05
8.9 -8.87758e-05
9 -8.7533e-05
9.1 -8.62902e-05
9.2 -8.50609e-05
9.3 -8.38739e-05
9.4 -8.26869e-05
9.5 -8.14998e-05
9.6 -8.03128e-05
9.7 -7.91257e-05
9.8 -7.79392e-05
9.9 -7.67566e-05
