data/2S_30.txt
0 -9.27769e-05
0.1 -9.25048e-05
0.2 -9.22327e-05
0.3 -9.19606e-05
0.4 -9.16884e-05
0.5 -9.14163e-05
0.6 -9.11442e-05
0.7 -9.08721e-05
0.8 -9.06e-05
0.9 -9.03279e-05
1 -9.00558e-05
1.1 -8.97033e-05
1.2 -8.93154e-05
1.3 -8.89275e-05
1.4 -8.85396e-05
1.5 -8.81517e-05
1.6 -8.7762e-05
1.7 -8.72801e-05
1.8 -8.66843e-05
1.9 -8.60884e-05
2 -8.55815e-05
2.1 -8.50382e-05
2.2 -8.4488e-05
2.3 -8.39377e-05
2.4 -8.32904e-05
2.5 -8.26065e-05
2.6 -8.19226e-05
2.7 -8.12387e-05
2.8 -8.05143e-05
2.9 -7.97401e-05
3 -7.89158e-05
3.1 -7.80902e-05
3.2 -7.72646e-05
3.3 -7.6439e-05
3.4 -7.55997e-05
3.5 -7.47404e-05
3.6 -7.39024e-05
3.7 -7.30305e-05
3.8 -7.2143e-05
3.9 -7.12556e-05
4 -7.03681e-05
4.1 -6.94806e-05
4.2 -6.85932e-05
4.3 -6.77057e-05
4.4 -6.68081e-05
4.5 -6.59062e-05
4.6 -6.49775e-05
4.7 -6.40391e-05
4.8 -6.31233e-05
4.9 -6.21607e-05
5 -6.11608e-05
5.1 -6.01608e-05
5.2 -5.91585e-05
5.3 -5.80775e-05
5.4 -5.70932e-05
5.5 -5.61397e-05
5.6 -5.51844e-05
5.7 -5.4229e-05
5.8 -5.32737e-05
5.9 -5.22931e-05
6 -5.12996e-05
6.1 -5.03061e-05
6.2 -4.93127e-05
6.3 -4.83192e-05
6.4 -4.74055e-05
6.5 -4.66226e-05
6.6 -4.58398e-05
6.7 -4.50569e-05
6.8 -4.42741e-05
6.9 -4.34912e-05
7 -4.27084e-05
7.1 -4.19267e-05
7.2 -4.11461e-05
7.3 -4.03656e-05
7.4 -3.96021e-05
7.5 -3.88553e-05
7.6 -3.81085e-05
7.7 -3.74702e-05
7.8 -3.68645e-05
7.9 -3.62588e-05
8 -3.56638e-05
8.1 -3.50788e-05
8.2 -3.44939e-05
8.3 -3.3909e-05
8.4 -3.3324e-05
8.5 -3.27391e-05
8.6 -3.21541e-05
8.7 -3.15939e-05
8.8 -3.10652e-05
8.9 -3.05574e-05
9 -3.01152e-05
9.1 -2.96729e-05
9.2 -2.92358e-05
9.3 -2.88149e-05
9.4 -2.83941e-05
9.5 -2.79732e-05
9.6 -2.75523e-05
9.7 -2.71314e-05
9.8 -2.67108e-05
9.9 -2.6292e-05
