data/2S_40.txt
0 -9.59097e-05
0.1 -9.5672e-05
0.2 -9.54343e-05
0.3 -9.51966e-05
0.4 -9.49589e-05
0.5 -9.47212e-05
0.6 -9.44835e-05
0.7 -9.42458e-05
0.8 -9.40081e-05
0.9 -9.37704e-05
1 -9.35109e-05
1.1 -9.31224e-05
1.2 -9.27339e-05
1.3 -9.23455e-05
1.4 -9.19306e-05
1.5 -9.14119e-05
1.6 -9.08877e-05
1.7 -9.03603e-05
1.8 -8.98264e-05
1.9 -8.92925e-05
2 -8.87586e-05
2.1 -8.82249e-05
2.2 -8.76261e-05
2.3 -8.69965e-05
2.4 -8.63732e-05
2.5 -8.57498e-05
2.6 -8.50775e-05
2.7 -8.44037e-05
2.8 -8.37298e-05
2.9 -8.3056e-05
3 -8.22612e-05
3.1 -8.14645e-05
3.2 -8.06678e-05
3.3 -7.98708e-05
3.4 -7.90611e-05
3.5 -7.8248e-05
3.6 -7.73952e-05
3.7 -7.64695e-05
3.8 -7.55438e-05
3.9 -7.4618e-05
4 -7.36923e-05
4.1 -7.27666e-05
4.2 -7.18409e-05
4.3 -7.09151e-05
4.4 -6.99983e-05
4.5 -6.90825e-05
4.6 -6.81667e-05
4.7 -6.72509e-05
4.8 -6.63343e-05
4.9 -6.53805e-05
5 -6.44209e-05
5.1 -6.34613e-05
5.2 -6.25017e-05
5.3 -6.15421e-05
5.4 -6.05558e-05
5.5 -5.95485e-05
5.6 -5.85412e-05
5.7 -5.75419e-05
5.8 -5.65586e-05
5.9 -5.55653e-05
6 -5.45688e-05
6.1 -5.35722e-05
6.2 -5.25756e-05
6.3 -5.1579e-05
6.4 -5.06711e-05
6.5 -4.99086e-05
6.6 -4.91462e-05
6.7 -4.83838e-05
6.8 -4.76213e-05
6.9 -4.68589e-05
7 -4.60965e-05
7.1 -4.53341e-05
7.2 -4.45716e-05
7.3 -4.38092e-05
7.4 -4.30468e-05
7.5 -4.22588e-05
7.6 -4.14579e-05
7.7 -4.07174e-05
7.8 -4.00981e-05
7.9 -3.9514e-05
8 -3.89357e-05
8.1 -3.83573e-05
8.2 -3.77656e-05
8.3 -3.71699e-05
8.4 -3.65743e-05
8.5 -3.59787e-05
8.6 -3.5383e-05
8.7 -3.48238e-05
8.8 -3.43647e-05
8.9 -3.39168e-05
9 -3.34689e-05
9.1 -3.3021e-05
9.2 -3.25731e-05
9.3 -3.21252e-05
9.4 -3.16773e-05
9.5 -3.12293e-05
9.6 -3.07922e-05
9.7 -3.0379e-05
9.8 -3.00197e-05
9.9 -2.96567e-05
