data/2S_40_theta.txt
0 -0.000287565
0.1 -0.000286633
0.2 -0.000285702
0.3 -0.00028477
0.4 -0.000283838
0.5 -0.000282906
0.6 -0.000281975
0.7 -0.000281043
0.8 -0.000280111
0.9 -0.000279179
1 -0.000278169
1.1 -0.00027669
1.2 -0.000275211
1.3 -0.000273732
1.4 -0.000272025
1.5 -0.000269814
1.6 -0.000267606
1.7 -0.000265379
1.8 -0.000263112
1.9 -0.000260846
2 -0.000258579
2.1 -0.000256443
2.2 -0.000254432
2.3 -0.000252279
2.4 -0.000249827
2.5 -0.000247375
2.6 -0.000244847
2.7 -0.000242317
2.8 -0.000239787
2.9 -0.000237256
3 -0.000234851
3.1 -0.000232447
3.2 -0.000230044
3.3 -0.000227639
3.4 -0.000224944
3.5 -0.000222204
3.6 -0.000219496
3.7 -0.000216738
3.8 -0.00021398
3.9 -0.000211221
4 -0.000208462
4.1 -0.000205704
4.2 -0.000202945
4.3 -0.000200186
4.4 -0.000197333
4.5 -0.000194468
4.6 -0.000191604
4.7 -0.000188739
4.8 -0.000185884
4.9 -0.000183238
5 -0.000180607
5.1 -0.000177977
5.2 -0.000175347
5.3 -0.000172716
5.4 -0.000170044
5.5 -0.000167338
5.6 -0.000164632
5.7 -0.000161947
5.8 -0.000159303
5.9 -0.000156716
6 -0.000154147
6.1 -0.000151579
6.2 -0.000149011
6.3 -0.000146443
6.4 -0.000144074
6.5 -0.000142034
6.6 -0.000139994
6.7 -0.000137954
6.8 -0.000135913
6.9 -0.000133873
7 -0.000131833
7.1 -0.000129792
7.2 -0.000127752
7.3 -0.000125712
7.4 -0.000123672
7.5 -0.000121583
7.6 -0.000119471
7.7 -0.000117502
7.8 -0.000115817
7.9 -0.000114219
8 -0.000112633
8.1 -0.000111048
8.2 -0.000109424
8.3 -0.00010779
8.4 -0.000106155
8.5 -0.000104521
8.6 -0.000102886
8.7 -0.000101339
8.8 -0.000100051
8.9 -9.87922e-05
9 -9.75338e-05
9.1 -9.62753e-05
9.2 -9.50169e-05
9.3 -9.37585e-05
9.4 -9.25e-05
9.5 -9.12416e-05
9.6 -9.00117e-05
9.7 -8.88453e-05
9.8 -8.78227e-05
9.9 -8.67896e-05
