data/2S_50.txt
0 -9.78934e-05
0.1 -9.76535e-05
0.2 -9.74136e-05
0.3 -9.71737e-05
0.4 -9.69338e-05
0.5 -9.6694e-05
0.6 -9.64541e-05
0.7 -9.62142e-05
0.8 -9.59743e-05
0.9 -9.57344e-05
1 -9.54946e-05
1.1 -9.52547e-05
1.2 -9.4878e-05
1.3 -9.44417e-05
1.4 -9.40055e-05
1.5 -9.35692e-05
1.6 -9.30636e-05
1.7 -9.2544e-05
1.8 -9.20244e-05
1.9 -9.15047e-05
2 -9.09851e-05
2.1 -9.04519e-05
2.2 -8.98874e-05
2.3 -8.92173e-05
2.4 -8.85472e-05
2.5 -8.78771e-05
2.6 -8.71662e-05
2.7 -8.64362e-05
2.8 -8.56917e-05
2.9 -8.49472e-05
3 -8.42027e-05
3.1 -8.34525e-05
3.2 -8.2691e-05
3.3 -8.19272e-05
3.4 -8.11274e-05
3.5 -8.02134e-05
3.6 -7.92993e-05
3.7 -7.83852e-05
3.8 -7.74711e-05
3.9 -7.65571e-05
4 -7.5643e-05
4.1 -7.47289e-05
4.2 -7.38113e-05
4.3 -7.28703e-05
4.4 -7.19331e-05
4.5 -7.09965e-05
4.6 -7.00599e-05
4.7 -6.91233e-05
4.8 -6.81867e-05
4.9 -6.72433e-05
5 -6.62774e-05
5.1 -6.53116e-05
5.2 -6.43458e-05
5.3 -6.33407e-05
5.4 -6.23855e-05
5.5 -6.14215e-05
5.6 -6.04575e-05
5.7 -5.94935e-05
5.8 -5.85286e-05
5.9 -5.75322e-05
6 -5.65359e-05
6.1 -5.55396e-05
6.2 -5.45433e-05
6.3 -5.35469e-05
6.4 -5.2632e-05
6.5 -5.18507e-05
6.6 -5.10695e-05
6.7 -5.02882e-05
6.8 -4.9507e-05
6.9 -4.87257e-05
7 -4.79445e-05
7.1 -4.71632e-05
7.2 -4.6382e-05
7.3 -4.56007e-05
7.4 -4.48195e-05
7.5 -4.40382e-05
7.6 -4.32557e-05
7.7 -4.26759e-05
7.8 -4.20935e-05
7.9 -4.15111e-05
8 -4.09286e-05
8.1 -4.03462e-05
8.2 -3.97638e-05
8.3 -3.91814e-05
8.4 -3.85989e-05
8.5 -3.808e-05
8.6 -3.75946e-05
8.7 -3.71092e-05
8.8 -3.66133e-05
8.9 -3.61012e-05
9 -3.55891e-05
9.1 -3.5077e-05
9.2 -3.45649e-05
9.3 -3.40528e-05
9.4 -3.35407e-05
9.5 -3.30456e-05
9.6 -3.26429e-05
9.7 -3.22402e-05
9.8 -3.18375e-05
9.9 -3.1423e-05
