data/2S_50_theta.txt
0 -0.000293917
0.1 -0.000292835
0.2 -0.000291754
0.3 -0.000290672
0.4 -0.000289591
0.5 -0.000288509
0.6 -0.000287428
0.7 -0.000286346
0.8 -0.000285265
0.9 -0.000284183
1 -0.000283102
1.1 -0.00028202
1.2 -0.000280325
1.3 -0.000278364
1.4 -0.000276402
1.5 -0.00027444
1.6 -0.000272578
1.7 -0.000270736
1.8 -0.000268894
1.9 -0.000267052
2 -0.00026521
2.1 -0.000263225
2.2 -0.000261103
2.3 -0.000258675
2.4 -0.000256247
2.5 -0.000253819
2.6 -0.000251184
2.7 -0.000248479
2.8 -0.000245983
2.9 -0.000243486
3 -0.00024099
3.1 -0.000238494
3.2 -0.000236
3.3 -0.000233443
3.4 -0.000230651
3.5 -0.000227811
3.6 -0.000224971
3.7 -0.000222132
3.8 -0.000219292
3.9 -0.000216452
4 -0.000213612
4.1 -0.000210772
4.2 -0.000207936
4.3 -0.000205123
4.4 -0.000202405
4.5 -0.000199733
4.6 -0.000197062
4.7 -0.00019439
4.8 -0.000191719
4.9 -0.000189056
5 -0.000186423
5.1 -0.000183791
5.2 -0.000181158
5.3 -0.000178397
5.4 -0.000175814
5.5 -0.0001732
5.6 -0.000170585
5.7 -0.000167971
5.8 -0.000165357
5.9 -0.000162753
6 -0.000160148
6.1 -0.000157544
6.2 -0.000154939
6.3 -0.000152335
6.4 -0.000149929
6.5 -0.000147851
6.6 -0.000145772
6.7 -0.000143693
6.8 -0.000141615
6.9 -0.000139536
7 -0.000137457
7.1 -0.000135379
7.2 -0.0001333
7.3 -0.000131221
7.4 -0.000129142
7.5 -0.000127064
7.6 -0.00012498
7.7 -0.000123386
7.8 -0.000121781
7.9 -0.000120177
8 -0.000118572
8.1 -0.000116968
8.2 -0.000115363
8.3 -0.000113758
8.4 -0.000112154
8.5 -0.000110715
8.6 -0.000109364
8.7 -0.000108013
8.8 -0.000106634
8.9 -0.000105214
9 -0.000103793
9.1 -0.000102372
9.2 -0.000100951
9.3 -9.95305e-05
9.4 -9.81097e-05
9.5 -9.67329e-05
9.6 -9.55947e-05
9.7 -9.44565e-05
9.8 -9.33183e-05
9.9 -9.21494e-05
